0 0.8299968890624999 0.07075700625 0.7502816906249999 0.094707415625 0.783729996875 0.22783147656249997 0.8082910859375 0.3360298828125 0.84356284375 0.3794182609375 0.9283718249999999 0.3633060921875 0.9265250453125 0.30820552343749996 0.9011175187499999 0.17475269375 0.8717319609375 0.0667515484375 0.8299968890624999 0.07075700625
0 0.796679959375 0.27788005312499997 0.7556141000000001 0.157711975 0.73730103125 0.09178965781250001 0.705176409375 0.0942526671875 0.570899378125 0.1238824921875 0.58251050625 0.1820323203125 0.6010237218750001 0.30197302656249997 0.609457015625 0.36140229218750003 0.6518154578125 0.4240424421875 0.74336485625 0.4168506859375 0.7784749421875 0.40736859687500004 0.8290894515625 0.38001004531250004 0.796679959375 0.27788005312499997
0 0.6038497796875 0 0.59865345 0.0871131390625 0.63786475625 0.103901903125 0.7662478140625 0.0906060875 0.9101353031249999 0.0594338140625 0.916204403125 0 0.6038497796875 0
0 0.2505969015625 0 0.2716209203125 0.08324225468749999 0.288556684375 0.156117890625 0.4472253609375 0.13353725624999999 0.5978147875 0.1101374625 0.5976068625 0.00784031875 0.5975438515625 0 0.2505969015625 0
0 0.5959684125 0.29528271875 0.590559053125 0.2299823015625 0.5771396249999999 0.1178798328125 0.4921382703125 0.12825235937499999 0.41751685937499994 0.1600410078125 0.45586657812500003 0.295263665625 0.4683626203125 0.3798158484375 0.48452889062500004 0.4297329203125 0.5472854015624999 0.4283164453125 0.5791484765625 0.46609668906249996 0.5999390609375 0.4617981015625 0.6387963234375 0.41997675624999997 0.6248538 0.38836079218749997 0.5959684125 0.29528271875
0 0.079235021875 0.204909146875 0.052473509375000005 0.22324589375 0.058144815625 0.48854888125 0.13552861562500002 0.49113233437500003 0.2388737359375 0.4995513 0.240820384375 0.4615381515625 0.32562937187499996 0.44542598125 0.2973211 0.3695668359375 0.26731995 0.2431988359375 0.2490068828125 0.177276525 0.079235021875 0.204909146875
0 0.0401600171875 0 0.046494809375 0.1890053015625 0.2821240671875 0.1563809078125 0.268089040625 0.0259115859375 0.2471310171875 0 0.0401600171875 0
0 0.9411086843750001 0.9069550015625 0.9354593140624999 0.86304950625 0.913652840625 0.7409444515625 0.7766211890625 0.784480925 0.7846697359375 0.8324309062499999 0.8031040296875 0.922288853125 0.9411086843750001 0.9069550015625
0 0.819233 0.51835325 0.7263832453125 0.534794190625 0.7222513234375 0.5556541640625 0.7611933093750001 0.564407428125 0.762616865625 0.6068807796875 0.7658872 0.7044547 0.779914446875 0.7866452749999999 0.9152609937499999 0.7408786968750001 0.92507896875 0.6013875640624999 0.9341430015625001 0.5354953640625 0.9220779562500001 0.5118491421875 0.819233 0.51835325
0 0.74970578125 0.798225953125 0.6383276578125 0.8384145125 0.59693885625 0.8527513265625 0.602148065625 0.86403335 0.66027248125 0.8685537796875 0.684555528125 0.9354609078125 0.8041702640624999 0.9221703828125 0.78957115 0.834529503125 0.7752823578125 0.7925821796875 0.74970578125 0.798225953125
0 0.3004768125 0.9441886187499999 0.4463572 0.9244298687500001 0.6058260671875 0.8776769828125 0.58875155625 0.6565213062499999 0.585388721875 0.46009403125 0.55678043125 0.4233302046875 0.46354593125 0.42829186406249997 0.3739124875 0.4446012921875 0.23787339843750002 0.46970516093750003 0.2407282890625 0.6029306156249999 0.250692790625 0.6599982718749999 0.3117257203125 0.6552037656249999 0.360124259375 0.6578228625 0.41082349531249995 0.68103891875 0.4123240015625 0.72580813125 0.3281768640625 0.809713834375 0.25367865312500004 0.8932250156249999 0.3004768125 0.9441886187499999
0 0.4272042609375 0.1607944109375 0.327383246875 0.1614273671875 0.25543950312499997 0.1770135078125 0.2721828890625 0.244149503125 0.288279990625 0.3400494640625 0.3323313109375 0.453198465625 0.40756831406250005 0.43977667499999995 0.4843365171875 0.42399327343750004 0.47230994531250003 0.40149498437500003 0.46004474999999995 0.32383036875000004 0.4272042609375 0.1607944109375
0 0.5980849125 0.598664609375 0.644990721875 0.6047932453125 0.6399587359375001 0.7429391828125 0.64632995625 0.8369378140625001 0.6990527906249999 0.824436578125 0.78010681875 0.7923849171875 0.765048534375 0.727479025 0.767933721875 0.5733278390625001 0.7206431671875 0.5557199171875 0.5980849125 0.598664609375
0 0.5882669390624999 0.7381557390625 0.6001551625 0.8526198171875 0.648092009375 0.8414637734375001 0.64521419375 0.8036478890625001 0.6363192062499999 0.730443478125 0.644990721875 0.6047932453125 0.60444058125 0.596105734375 0.5789409562500001 0.60404536875 0.5882669390624999 0.7381557390625
0 0.598093090625 0.8871891796875 0.5308968593750001 0.900282203125 0.538451034375 0.9483386078124999 0.5862433171875 0.9463844874999999 0.6888223578125 0.9349868156250001 0.6799935578125 0.8803919468749999 0.6680824046875 0.8613374421875 0.6053258984375 0.8627539109375 0.598093090625 0.8871891796875