0 0 0.8869440203125001 0.036853924999999996 0.8937291453125 0.0586386265625 0.7041334046875 0.068878775 0.6227829484375 0.018651239062499998 0.606800921875 0.0056094546874999995 0.6294424671875001 0 0.6899918671874999 0 0.8869440203125001
0 0.11157932343750002 0.8172547328125 0.1026140890625 0.8845204828125001 0.172081034375 0.8842982265625 0.191803640625 0.7072691671875 0.21345222812500003 0.625861384375 0.1466054390625 0.6164312765625 0.1241288375 0.6649938609375 0.11157932343750002 0.8172547328125
0 0.30131695625 0.778759134375 0.3254450484375 0.6506648953124999 0.272726665625 0.6372320140625 0.24420442968749997 0.7605287374999999 0.23260089218750002 0.8943942859374999 0.2839740375 0.9033948234375 0.30131695625 0.778759134375
0 0.325742221875 0.9140924406250001 0.3785899109375 0.9204221078125 0.395297640625 0.87543979375 0.38401850625 0.8683939109375001 0.3760945296875 0.7777492046875001 0.37562494375 0.73640449375 0.4290896734375 0.7200282203125 0.44435234843750004 0.664906646875 0.3745564671875 0.660818284375 0.33991827343750003 0.8403320984375 0.325742221875 0.9140924406250001
0 0.51619163125 1 0.54194453125 0.9100888546875 0.564239653125 0.793165 0.5693393109375 0.736826184375 0.564316784375 0.7105973015625 0.5074038875 0.7037807359375 0.461674846875 0.8435251921875 0.436260496875 0.941566825 0.44890215156249996 1 0.51619163125 1
0 0.6907122296875 1 0.711496778125 0.9061928609375001 0.7291686328125 0.7858677890625 0.73050253125 0.7461628234375 0.7248516203125 0.698502575 0.6465668984375 0.7019399296875 0.64969746875 0.76495945625 0.6250521499999999 0.9214665500000001 0.60985678125 1 0.6907122296875 1
0 0.8216793156250001 0.39260572968749996 0.8006659171875 0.3943601359375 0.78099775625 0.4005468859375 0.773382296875 0.6174670296875 0.7658916078125 0.6820619078125 0.8215182484374999 0.6588258703125 0.8304244984375 0.6171803796875001 0.8359892062500001 0.456964225 0.8216793156250001 0.39260572968749996
0 0.73729678125 0.3953127375 0.6648807484375 0.400876734375 0.6433251703125 0.589076178125 0.63659216875 0.667999209375 0.622534084375 0.6905190328125 0.686461278125 0.6924807515625 0.7123860453125 0.6671110046875001 0.738036321875 0.466588328125 0.73729678125 0.3953127375
0 0.6140951546875 0.3819803859375 0.5488930484375001 0.3941033703125 0.52693820625 0.55947515 0.51214511875 0.65594143125 0.51490591875 0.683323165625 0.5636884 0.6891659328124999 0.571308396875 0.6174678421875 0.6028976875 0.43758885468750003 0.6140951546875 0.3819803859375
0 0.4713002234375 0.5385738828125 0.49787833125000003 0.37660331875 0.43293483750000006 0.3745198765625 0.40728455781250006 0.5750425531250001 0.392750084375 0.6573024078125 0.44999191562499996 0.6684295890625 0.4713002234375 0.5385738828125
0 0.2676451578125 0.6366233921875 0.324886990625 0.6477505765625 0.3503898140625 0.5112785515625 0.3743182765625 0.3717704796875 0.3324207828125 0.368176078125 0.29955204375 0.41691771875 0.2709118421875 0.5914549609375 0.2676451578125 0.6366233921875
0 0.73060008125 0.36034089375 0.7469017421874999 0.3936156625 0.7943684765625 0.38221595937499997 0.834868553125 0.3059135328125 0.8424477156249999 0.2028882625 0.7969432609375 0.19601436875 0.738796284375 0.234609684375 0.73060008125 0.36034089375
0 0.65078183125 0.392069378125 0.67136194375 0.2350753875 0.6828475140625 0.152450359375 0.6179335109374999 0.1375567859375 0.58711325 0.37590123124999997 0.65078183125 0.392069378125
0 0.5579717109375 0.13037504687499998 0.489421253125 0.125012109375 0.4618086953125 0.343808384375 0.4568973265625 0.367423725 0.5323622671875 0.3622249015625 0.54236195 0.2381334390625 0.5579717109375 0.13037504687499998
0 0.34622025624999997 0.3598626859375 0.3693660734375 0.36405864375 0.39975530937500003 0.362003459375 0.43116311874999996 0.11376320312499999 0.366119809375 0.1059728421875 0.34757230156249996 0.263210284375 0.3409686078125 0.3350301015625 0.34622025624999997 0.3598626859375
0 0.24676559999999997 0.7764966375 0.27135193750000003 0.6456098015625 0.2136813515625 0.6244650859374999 0.192590821875 0.7087871906250001 0.1727389078125 0.8929194640624999 0.23394613125000002 0.8988266296875 0.24676559999999997 0.7764966375
0 0.20725460468749998 0.6194241203125 0.2583986265625 0.6298209578125 0.28925291249999996 0.5238884328125 0.302172196875 0.40726535625000004 0.281229121875 0.427536809375 0.2497124265625 0.379626046875 0.2279458734375 0.512274353125 0.20725460468749998 0.6194241203125
0 0.36657805312499997 0.103180246875 0.305370828125 0.09727308125 0.2647164890625 0.3387109046875 0.3006046421875 0.303144565625 0.337461459375 0.3374575234375 0.3529010796875 0.2054751703125 0.36657805312499997 0.103180246875
0 0.479909303125 0.233500846875 0.49214122031249996 0.12106666562499999 0.42867227343750003 0.11631235 0.4146073796875 0.23991691718750002 0.40132967031250005 0.365039503125 0.45735556875 0.36463113125 0.479909303125 0.233500846875
0 0.5277095109375 0.3716338140625 0.5846224046875 0.37845037812500004 0.6013777734375 0.2637104984375 0.6208826015625 0.1322150421875 0.5577425890625001 0.131771346875 0.5277095109375 0.3716338140625
0 0.41378843906249996 0.49751581875 0.43280553125 0.381623090625 0.370482190625 0.36988728437499996 0.342758475 0.5388393359375 0.331542859375 0.6513952421875 0.3903885421875 0.6527483390625 0.41378843906249996 0.49751581875
0 0.52474680625 0.5791450453125 0.5576110125 0.38518135625 0.49879481875 0.3710181265625 0.4704427203125 0.5185388125 0.450191546875 0.6798434234374999 0.5102826546875 0.679921946875 0.52474680625 0.5791450453125
0 0.63524693125 0.66356686875 0.656614221875 0.5080908984375 0.6671424734375 0.39972388593749997 0.60606455625 0.38671350625 0.56414664375 0.6863733390625 0.62083041875 0.6945862015625 0.63524693125 0.66356686875
0 0.7831301749999999 0.40649725 0.7421491703124999 0.39731765625 0.7206934046875 0.59122401875 0.7075041671875 0.6779162140625 0.6931171468749999 0.6961254171875 0.732852728125 0.706579584375 0.7648049828125 0.6634231374999999 0.7825948015625 0.49185754375 0.7831301749999999 0.40649725
0 0.35566868125 0.7696077984375 0.37940885468749996 0.662823203125 0.32737783593750003 0.645201428125 0.300758896875 0.7758448140625 0.2867938203125 0.905156296875 0.3259713453125 0.9126961437500001 0.35566868125 0.7696077984375
0 0.46836020625 0.8343597265625 0.5048427171875 0.6878128359375 0.44389410468749996 0.66769924375 0.426927765625 0.7268879859374999 0.4407975609375 0.7370916390625 0.44866255468749994 0.8533566078125 0.3963434328125 0.8627513890625 0.3780023625 0.9303179171875 0.43140810937499996 0.93956190625 0.46836020625 0.8343597265625
0 0.1200046484375 0.6901272234375 0.1357550578125 0.6194029265625 0.0685498375 0.61847233125 0.057052925 0.6569600531249999 0.040032135937500005 0.8869911046875 0.1035010859375 0.8917454203125 0.1200046484375 0.6901272234375
0 0.8441808734375 0.1860109640625 0.8312207562499999 0.2713068640625 0.818848190625 0.34670695 0.7746708265625 0.40121283593749996 0.80361500625 0.38901839374999997 0.8569390890624999 0.335608028125 0.8694114703125001 0.2659148546875 0.8762442859374999 0.19269873906249999 0.8441808734375 0.1860109640625
0 0.6090870515625 1 0.6125797687500001 0.9911597234375 0.6431935906249999 0.8424861874999999 0.65546634375 0.7613791828124999 0.64486323125 0.7060071 0.565362575 0.6979088953125 0.572887290625 0.7657259390625 0.5240322140625 0.987672915625 0.5200116890625 1 0.6090870515625 1
0 0.7720229203125 1 0.7863151859374999 0.9365101062500001 0.79077511875 0.8146026187500001 0.7875038984375 0.714549 0.7276419125 0.7130741765625 0.7297266921875 0.788782109375 0.7049520671875 0.95239241875 0.6921323796875 1 0.7720229203125 1