0 0.23184822343749997 0.696321784375 0.275661365625 0.612170125 0.3139102546875 0.5295565984375 0.248729428125 0.49368841718749995 0.21174306875 0.5684607453125 0.1593733 0.63336561875 0.23184822343749997 0.696321784375
0 0.450911953125 0.5498936859375 0.41925679687499995 0.5191660406249999 0.2582687390625 0.4077728125 0.22651948281249998 0.4589090171875 0.2594371671875 0.48179546406249996 0.3897985703125 0.5878230984374999 0.44343038124999995 0.5836595765625 0.4606375015625 0.5745805749999999 0.450911953125 0.5498936859375
0 0.29394576250000004 0.347482334375 0.458394015625 0.44754524531250006 0.501085040625 0.351312834375 0.30904932343749997 0.2600286015625 0.2804331125 0.2777364953125 0.2729981015625 0.33915300937500004 0.29394576250000004 0.347482334375
0 0.3497720390625 0.78561625625 0.391760975 0.788993603125 0.4046195734375 0.780252184375 0.3895635546875 0.7581914484375 0.44604831562499997 0.6575697 0.470269440625 0.6125487640625 0.44969598125 0.58538550625 0.37726736875 0.5843712375 0.350147225 0.629617228125 0.295252146875 0.7444957718749999 0.31872462343749997 0.7714339734375 0.3497720390625 0.78561625625
0 0.6841404125 0.826028878125 0.694006628125 0.7965025406249999 0.6616498765625 0.7968021078125 0.6325195375 0.7846833390625 0.45582091875 0.6413246640625 0.4247262046875 0.7023655796875 0.5480738484375001 0.8100438734375001 0.5866491500000001 0.8524021609375 0.6407017203125001 0.8570553296875 0.6841404125 0.826028878125
0 0.50978036875 0.5906765859374999 0.559530975 0.6233179609375 0.586744484375 0.59908194375 0.62008366875 0.5279112593749999 0.6508980390625 0.43813170156250003 0.708738203125 0.41926127187500006 0.655761428125 0.3647469609375 0.5939469421875 0.36512103906250004 0.578142521875 0.380728165625 0.5672941218750001 0.44683434375 0.5320846671874999 0.5093008640625001 0.48817816093750005 0.57244255 0.50978036875 0.5906765859374999
0 0.2848718046875 0.7441954453124999 0.319473271875 0.6994748375000001 0.3818496765625 0.5851216765625 0.309982490625 0.538710875 0.287210871875 0.5836192812500001 0.22399294374999998 0.6803390578124999 0.2848718046875 0.7441954453124999
0 0.269911859375 0.36594066875000003 0.2366665328125 0.3895387765625 0.306102271875 0.43835067499999997 0.4211738734375 0.521229553125 0.45932915156250004 0.451897328125 0.41051367968749997 0.4236080359375 0.2722499421875 0.3425296 0.269911859375 0.36594066875000003
0 0.5423248375 0.4952318671875 0.5773475593749999 0.39074540468749996 0.6323823171875 0.3588187296875 0.57477643125 0.3101946328125 0.5192275453125 0.312294640625 0.507865015625 0.34857415625 0.4817265671875 0.42582285156250005 0.41878922812499997 0.5169900000000001 0.446563425 0.55023126875 0.49710899687500004 0.5728554046875 0.5423248375 0.4952318671875
0 0.562007015625 0.9228976781249999 0.628357496875 0.8613321421875 0.6121791203125 0.8614819234375 0.572715246875 0.8424221765625 0.5142210296874999 0.7828053453125 0.42224795000000004 0.7114073265624999 0.40214181250000003 0.720711384375 0.38516822500000003 0.76516968125 0.44847853437499996 0.8266249734375 0.518101003125 0.917456815625 0.562007015625 0.9228976781249999
0 0.6209702765625 0.778942909375 0.66141609375 0.7957140875000001 0.695923703125 0.7985660546875 0.7263638718750001 0.727620425 0.72575613125 0.7110750640625 0.67768881875 0.6794091812499999 0.6561799781250001 0.6821851156250001 0.5893158609375 0.64534144375 0.4852323390625 0.5793082546874999 0.4526881171875 0.6404616984375 0.529792159375 0.6975276499999999 0.6209702765625 0.778942909375
0 0.7043411484375001 0.666278421875 0.753484753125 0.579500615625 0.7778465437500001 0.48026645468750007 0.72154999375 0.41716050468750004 0.6502903 0.4215863390625 0.639488703125 0.481051865625 0.6219539390625 0.536615425 0.5713608265625 0.6235057609375 0.6352323140625 0.673855790625 0.6883029453125 0.680797528125 0.7043411484375001 0.666278421875