0 0.45599737500000004 0.1918403125 0.521939825 0.1729111625 0.560419578125 0.171580515625 0.60104234375 0.0352222046875 0.595689065625 0.026694125000000003 0.5569678046875 0.01650275 0.463101625 0.013721529687500001 0.44827419218750003 0.0465769109375 0.42278093281249995 0.164000375 0.45599737500000004 0.1918403125
0 0.44366953125 0.053003940625 0.4552787171875 0.0134897390625 0.3020870671875 0.008950728125 0.2900798390625 0.0469547328125 0.28070466562499996 0.096050246875 0.3540445375 0.142089575 0.4088034796875 0.1584117875 0.44366953125 0.053003940625
0 0.259150884375 0.39784583906250004 0.3209808828125 0.41411939843749995 0.34647355 0.31197371406249996 0.35732950625000004 0.242260778125 0.32394780624999997 0.23538451093749999 0.2578424765625 0.21416620625 0.22906484531250002 0.2161406859375 0.2053828921875 0.27101938593749997 0.177259165625 0.372472578125 0.259150884375 0.39784583906250004
0 0.1129532625 0.5942651578125 0.183827321875 0.618648328125 0.2167185953125 0.5509155640625 0.2524055921875 0.47818940625 0.23070079687499997 0.43428189218749996 0.1726533203125 0.409455178125 0.12562290468749998 0.40089632656249996 0.09602135625 0.44657803281249997 0.052768715625 0.5516882843750001 0.1129532625 0.5942651578125
0 0.024144462499999998 0.8382547499999999 0.10340630312500002 0.8323799484375 0.1601406234375 0.7957492875 0.1754371671875 0.7100174296875 0.16458655312499998 0.642230325 0.12725885625 0.6190375328125 0.0190541234375 0.6478504890625 0.0031012968750000003 0.6952147703125 0.0114849171875 0.7719012796875 0.024144462499999998 0.8382547499999999
0 0.34858686250000004 0.940835165625 0.3831212109375 0.907910221875 0.43837889687500003 0.7849525078124999 0.34267439375 0.7483047796875 0.3222845390625 0.7200212921875 0.303536571875 0.7571011875 0.259627653125 0.8238438640625001 0.24762141875000002 0.8722468859375001 0.2946506453125 0.9113613015625001 0.34858686250000004 0.940835165625
0 0.445936821875 0.9511795890625001 0.4666560015625 0.9680912953125 0.522731075 0.9694819734375001 0.5832461390625 0.9701314999999999 0.6067657984375 0.859827559375 0.6141679671875 0.8025737890625001 0.594106253125 0.793474090625 0.5368791328125 0.8166068453124999 0.4678139984375 0.7907900375 0.446761925 0.8769167984375 0.445936821875 0.9511795890625001
0 0.7110286875 0.7077536078125 0.734542409375 0.7502274921875001 0.8105139343750001 0.7816815312500001 0.8356731109375 0.797852103125 0.8680709828125 0.731899215625 0.9011269125 0.65848056875 0.85590661875 0.61793251875 0.7929263421875 0.5803490421874999 0.76694384375 0.5926079125 0.7307634484375 0.66711395 0.7110286875 0.7077536078125
0 0.8537784515625001 0.37101563125000003 0.8876559265624999 0.3150008875 0.9085433359374999 0.23456001718750003 0.9055847265624999 0.19940595 0.8371770656249999 0.1814011609375 0.798861971875 0.1770459171875 0.7771542109375 0.20952731249999998 0.7584056515625 0.26188499374999996 0.7940855234375 0.3724922234375 0.8537784515625001 0.37101563125000003
0 0.672242171875 0.13990029531249998 0.732098578125 0.1632933796875 0.7689340640625 0.157710484375 0.807631628125 0.0824770796875 0.6817252093749999 0.0493387046875 0.6612257031250001 0.108354646875 0.672242171875 0.13990029531249998
0 0.7771411453125 0.545638528125 0.8397926890624999 0.5793159984375 0.910338609375 0.5845153734374999 0.9336924203124999 0.510452884375 0.9417526531249999 0.44573334375 0.908207475 0.4139873953125 0.8365106875 0.40275588281249997 0.8006614015625001 0.42005679999999995 0.7791159296875 0.5079634375000001 0.7771411453125 0.545638528125
0 0.91397131875 0.1997035453125 0.9142988624999999 0.2341651203125 0.9386365 0.232931778125 0.9853505046875 0.1292524125 0.8457191328125001 0.0925016515625 0.8282976718749999 0.167605665625 0.91397131875 0.1997035453125
0 0.7669604703124999 0.1648300046875 0.7528183546875 0.1649273078125 0.6730643046875 0.142026421875 0.6663237625 0.10014773437499999 0.6554695828125 0.1240273234375 0.6276757796875 0.1988309578125 0.732096203125 0.22440450781250001 0.7595571156250001 0.25263934374999997 0.774359075 0.1992429296875 0.7919573640625 0.12557533125 0.7669604703124999 0.1648300046875
0 0.9304133890624999 0.2575038625 0.905254209375 0.241333290625 0.894728171875 0.28439666875 0.875485621875 0.35381201562500003 0.8506539921874999 0.37210301874999996 0.7963878531249999 0.36927870625 0.7929340625 0.38173786875000004 0.8072402500000001 0.391232465625 0.8674259859375001 0.40325377187500006 0.8958754796875 0.382095503125 0.9142952984375 0.3258318171875 0.9304133890624999 0.2575038625
0 0.548415128125 0.17415019062499998 0.60383213125 0.18300663281250001 0.6334348703125 0.1067693640625 0.6545144703125 0.04217688125 0.5990185921875 0.027570451562499997 0.59347610625 0.082884084375 0.548415128125 0.17415019062499998
0 0.29271149687500003 0.03236944375 0.24962827031249998 0.0095715484375 0.2216715828125 0.0442277234375 0.1950286453125 0.125063490625 0.188119878125 0.18053738125000002 0.245015890625 0.21460975312500002 0.308490159375 0.23513556093750002 0.330197328125 0.217931946875 0.3565115296875 0.1331901765625 0.2854734 0.09921510624999999 0.2864613859375 0.06509978281249999 0.29271149687500003 0.03236944375
0 0.20356861875 0.409953065625 0.23842932343749998 0.44204525781250004 0.2451698671875 0.48392394687499996 0.20915354062499997 0.56802188125 0.18678771562500002 0.6079690421875 0.2604581015625 0.6120810375 0.27788934374999996 0.6052104625 0.2984480203125 0.52086358125 0.3030550546875 0.4533254203125 0.25257203281249996 0.4266701734375 0.20356861875 0.409953065625
0 0.1680367859375 0.7214378546875 0.16195014531250002 0.7790378718750001 0.1884236671875 0.8261102515625 0.243677196875 0.81009701875 0.2931763890625 0.7639231140625 0.3221192828125 0.7409849625 0.295154734375 0.6345813359375 0.2639118921875 0.599621875 0.2208268828125 0.6226573265625001 0.167546353125 0.6468288203125 0.1680367859375 0.7214378546875
0 0.184969875 0.8385694171875 0.1566880171875 0.7776528890625001 0.110477359375 0.8323312968750001 0.0353267796875 0.833558946875 0.0144441203125 0.791777559375 0.0029318796875 0.8231229156250001 0.035159146875000005 0.915633746875 0.0369198328125 0.9179364453125001 0.09946635937500001 0.9343985937499999 0.10767807031250001 0.928991384375 0.1732929734375 0.8756006640624999 0.184969875 0.8385694171875
0 0.370296734375 1 0.3939742 0.914586196875 0.4020338375 0.8651444359375 0.362729575 0.9254600828124999 0.28511318750000003 0.9050315703124999 0.262091678125 0.8913333734375 0.2446580578125 0.9593150828124999 0.2587101046875 0.9763113015625 0.34871328749999997 1 0.370296734375 1
0 0.5564738124999999 1 0.5620329625 0.9702774546875 0.4612298078125 0.957114415625 0.445936821875 0.9511795890625001 0.44939180156249997 0.9081648578125 0.42751818906250005 0.9768877046875 0.431617759375 1 0.5564738124999999 1
0 0.6864039125 1 0.6896413421875 0.9580299671875 0.7044439015624999 0.8893557703124999 0.67813385625 0.8671530640625 0.604627540625 0.8726329671874999 0.5845622640625 0.9551999656250001 0.5646640265625 0.9709699468749999 0.5644796890625 1 0.6864039125 1
0 0.21111644687500003 0.8359024390625001 0.1867794046875 0.8218579953124999 0.1813514203125 0.8567144687500001 0.0923253359375 0.9325190859375001 0.21409951718750003 0.9645698625 0.23873845781249997 0.95011808125 0.25469188125 0.887476015625 0.26456163906249996 0.8060450593749999 0.24893991875000002 0.796204215625 0.21111644687500003 0.8359024390625001
0 0.42573598125 0.2908211328125 0.39087111874999997 0.365673415625 0.3824815578125 0.4417647359375 0.4941365140625 0.4921593140625 0.527028378125 0.409148765625 0.553670721875 0.3435907796875 0.4586248734375 0.28419950156249996 0.42573598125 0.2908211328125
0 0.6322632140625 0.63545961875 0.6697561703125 0.6376887359375 0.7029773640625 0.5433064171875001 0.7220546578125 0.49485474218750003 0.7056119890625 0.4523322109375 0.6038226296875 0.427451153125 0.5692876921875001 0.475653878125 0.5429734890625 0.5603956546875 0.5686248765624999 0.60534190625 0.6322632140625 0.63545961875
0 0.38493905 0.6773098515625 0.41601841874999995 0.6873996375 0.4801543125 0.6087929859375001 0.5082762578125 0.553173140625 0.4635499546875 0.4955674296875 0.405173740625 0.46683470624999995 0.34926096093750003 0.5208692765625 0.3260724078125 0.5739680953125 0.33396381875 0.62187891875 0.38493905 0.6773098515625
0 0.6077745718750001 0.29098984687499996 0.5653464390625 0.3371151015625 0.544458434375 0.43283375625 0.5413327859375 0.4644767109375 0.5558036375000001 0.46828541718750005 0.573073184375 0.39071181093749996 0.5988928 0.33830548125000004 0.700846825 0.3575006515625 0.7095621515625 0.3617042546875 0.7069322734375 0.33045620000000003 0.6452675296875 0.29321896875000003 0.6077745718750001 0.29098984687499996
0 0.524056109375 0.725383696875 0.6089082171875 0.7400776687499999 0.6151583328125 0.7073473296875 0.539514946875 0.695077078125 0.5186316890625 0.668573475 0.5418232125 0.5390857390625 0.5143611124999999 0.5414064703125 0.5012040125 0.5837773546875 0.4803154125 0.6947737921875 0.524056109375 0.725383696875
0 0.7056155546875 0.360665515625 0.6141857859375001 0.3442403140625 0.5835986296875 0.362926215625 0.5623830765625 0.42418329843749997 0.549882853125 0.489643978125 0.5615579765625001 0.49844608125 0.5972449734375 0.425719925 0.6515111078125 0.42854423593749996 0.714162653125 0.4622217046875 0.7264988078125 0.387169121875 0.7056155546875 0.360665515625
0 0.6299608875 0.6386731296875 0.5487278265625 0.590556325 0.5444536859375 0.5550560124999999 0.520113078125 0.6326782640624999 0.5247153609375 0.6873623671875 0.5898338937500001 0.712140434375 0.656762546875 0.704929303125 0.6674538421875 0.6409022515625 0.6299608875 0.6386731296875