0 0.4891681734375 0 0.4997040078125 0.0531767046875 0.538688225 0.057060423437499994 0.6038610828125 0.0805883359375 0.640358228125 0.0545629703125 0.6338526109375 0 0.4891681734375 0
0 0.6436571734375 0 0.6551148859375 0.049820225 0.7123796015625 0.036886567187500004 0.7821115734374999 0 0.6436571734375 0
0 0.7192890953125 0.314747853125 0.783736790625 0.30232936875 0.86947044375 0.28201073593750003 0.8508402359374999 0.17734221875 0.8321538046875 0.1201662859375 0.803095025 0.1162693015625 0.733816109375 0.1334172578125 0.6992085718750001 0.13818654375 0.7034013421875 0.209550890625 0.7192890953125 0.314747853125
0 0.8386316328125 0.5310596484375 0.9130686156250001 0.5110185078125 0.9784253812499999 0.4718350734375 0.9447755171875001 0.3624636328125 0.9191691046875 0.3142181953125 0.8705224453125 0.3197934265625 0.8090802015625 0.3411291328125 0.782707653125 0.38419628125 0.8118455234375 0.4602502859375 0.8386316328125 0.5310596484375
0 1 0.5704054015625 0.896095503125 0.535181040625 0.8558753687499999 0.5562259890625 0.8381923421874999 0.6242085234375 0.8453267234374999 0.7120994765625001 0.8994020703125001 0.752959940625 0.9793954296875 0.76413573125 0.9987765281250001 0.6977252609375 1 0.6918427031250001 1 0.5704054015625
0 0.6076574296875 0.8110757421875 0.639530134375 0.8467181015625 0.6972493859375 0.8204019718750001 0.748893875 0.7838607671875 0.74144026875 0.73401671875 0.7033574984375 0.6634848546875001 0.687939525 0.6246718203125 0.664437121875 0.651991759375 0.5635561250000001 0.682826225 0.6076574296875 0.8110757421875
0 0.3831363 0.689102434375 0.385041153125 0.7476127531250001 0.3981226015625 0.8609475390625001 0.45970015468750003 0.8642762703125 0.516837184375 0.8665613734375001 0.53955820625 0.8507876234375 0.546008409375 0.7754731968749999 0.533062271875 0.686802840625 0.46032335625 0.7084160484375001 0.4044222515625 0.6812022828125001 0.3831363 0.689102434375
0 0.1055842046875 0.5241681453125 0.13197961875 0.600750596875 0.15843887968749998 0.66972366875 0.18560042968749998 0.654993534375 0.26591301562499997 0.6281224140624999 0.293983634375 0.5866273296875 0.277911971875 0.5441417125 0.24844725625000003 0.4662514171875 0.22323915625000001 0.45211609062499997 0.1555306234375 0.48605487500000005 0.1055842046875 0.5241681453125
0 0.15299019375 0.176963396875 0.18192890781249998 0.23596234843750002 0.24246207968750003 0.24139158749999998 0.28958695625 0.131649746875 0.2756678984375 0.0773537203125 0.2567899375 0.043005934375 0.217415021875 0.0448953109375 0.1461111890625 0.058634907812500005 0.1396533625 0.09406613593749999 0.15299019375 0.176963396875
0 0.2788164640625 0 0.2891095546875 0.0253826203125 0.32600500781249997 0.0334673625 0.3891453234375 0.0137037171875 0.3954150453125 0 0.2788164640625 0
0 0.1757007234375 0.44798142500000004 0.24269172499999997 0.41797944062500003 0.24438217187500003 0.3796683046875 0.23110918906250003 0.2891616640625 0.1963663390625 0.269266515625 0.12238389375 0.27592517499999997 0.085169209375 0.3058873453125 0.08701021875 0.37200704687499997 0.10348019374999999 0.44860276875 0.1757007234375 0.44798142500000004
0 0.2208249625 0 0.08692681249999999 0.025800953124999998 0.109223353125 0.09043336874999999 0.1338416046875 0.0932867359375 0.137556971875 0.05838395625 0.22779499687500002 0.031499565624999996 0.2235803359375 0 0.2208249625 0
0 0.270083534375 0 0.2795185828125 0.0671153828125 0.289323953125 0.12220407343749999 0.3200093390625 0.09539930937499999 0.42866316718749997 0.0763619796875 0.4080966984375 0 0.39222621874999997 0 0.38810094375 0.015804231250000002 0.304782903125 0.033758128124999995 0.29041693749999997 0.0327277765625 0.273387715625 0 0.270083534375 0
0 0.1380496203125 0.24441748749999997 0.1648919484375 0.267734259375 0.227250884375 0.25951680312500003 0.2427250796875 0.25083725625 0.24043715937500001 0.23798322968750002 0.18499820625000002 0.2372701921875 0.1615520265625 0.217097546875 0.14880504375 0.1454822453125 0.142331975 0.1011470671875 0.11517041718750001 0.11587720312500001 0.1248481046875 0.1861846609375 0.1380496203125 0.24441748749999997
0 0.4367870734375 0 0.454453496875 0.061896065624999996 0.511654365625 0.05657179062499999 0.489818190625 0 0.4367870734375 0
0 0.781095503125 0 0.7107453718750001 0.027705121875 0.7291764234375 0.11531857968749999 0.7495533046875 0.13418338125 0.816089765625 0.11756387500000001 0.87726900625 0.0867824890625 0.8756910046874999 0.030108459375 0.8688009765625001 0 0.781095503125 0
0 0.761380725 0.5193554125000001 0.8366705578125 0.52004190625 0.8178564375 0.4780847421875 0.78949995 0.39048455 0.8004621484375001 0.3484875640625 0.8390480546875001 0.3182611734375 0.7875951 0.3319742296875 0.7336626828125 0.35566140156250003 0.731716853125 0.4244100640625 0.744336146875 0.5112441296875 0.761380725 0.5193554125000001
0 0.6860499140625 0.6459279 0.713219090625 0.6710809640625001 0.7590032296875 0.7211361484375 0.81359695625 0.7410047515625 0.8451275671875 0.6950444234375001 0.8445939421875 0.63626988125 0.852415375 0.5606912328125 0.8006279468749999 0.5326848 0.7590928046875 0.5065013875 0.7239030468750001 0.5398719109375001 0.6860499140625 0.6459279
0 1 0.7409853328125 0.9938176234375 0.717673496875 0.96848945625 0.75864013125 0.8922190875 0.752444765625 0.850612478125 0.69398753125 0.8158848781250001 0.7538587828125001 0.8241198625000001 0.7921566453125 0.885577346875 0.8505873328125 0.925023728125 0.8809717765625 0.9606041765625 0.8418281578125001 1 0.7555492203124999 1 0.7409853328125
0 0.5959700734375 0.8171263296875001 0.612312359375 0.9089408156250001 0.640717446875 0.909165225 0.7181598874999999 0.8980413140625 0.7433603640625 0.8722934421874999 0.7323114546875 0.8022502062499999 0.7075655140625 0.81461560625 0.62666308125 0.830204765625 0.5926301484375001 0.7664896109375 0.5959700734375 0.8171263296875001
0 0.48564103750000004 0.9542411921875 0.5384652203125 0.9402639125000001 0.55575755625 0.8780544703125001 0.54026811875 0.8069676187500001 0.53955820625 0.8507876234375 0.5234303171875 0.855794584375 0.41967155624999997 0.8624930640624999 0.42686978125 0.9427746375 0.48564103750000004 0.9542411921875
0 0.2893487078125 0.9350868374999999 0.334798375 0.9434225296875001 0.4097613578125 0.9422727343749999 0.41692910000000005 0.863021509375 0.3982502921875 0.8457287765625001 0.3859578453125 0.760731003125 0.31177623906249996 0.7503346093750001 0.28285276875 0.7711020625 0.2911592265625 0.8416737375000001 0.2893487078125 0.9350868374999999
0 0.7890730359375 0.8900748015625 0.8721280734375 0.8626752390625001 0.905691228125 0.8600064625 0.8177821062499999 0.772485903125 0.815685715625 0.7368037265625 0.789568546875 0.7494333484375 0.7550172328125 0.70671005 0.7381718125 0.7156538234375 0.740211975 0.798828578125 0.7502803484375 0.86336294375 0.7890730359375 0.8900748015625
0 0.6249068984374999 0.18289211562500002 0.592125125 0.17401470624999998 0.489681365625 0.2279415421875 0.510328871875 0.296135215625 0.5356160578125 0.3824275640625 0.6540600140625 0.3387125234375 0.6530003875 0.26104663281249996 0.6249068984374999 0.18289211562500002
0 0.3428142078125 0.51834075625 0.38114473437499996 0.5185518953125 0.4487894265625 0.49222248593750006 0.47927565625 0.4483626703125 0.4608446046875 0.36074920625 0.430470821875 0.3096238609375 0.32455945 0.328132746875 0.30367180625 0.37014300312500004 0.3183084 0.42050222656249997 0.3428142078125 0.51834075625
0 0.5958604921874999 0.5854365125000001 0.6284431125000001 0.5772588703125 0.6857002046875 0.5244420109375 0.6984243234374999 0.4764077109375 0.6800647390625 0.42106806875 0.628532690625 0.3626241046875 0.5663729125 0.3878966140625 0.515254421875 0.4433291625 0.5383813796875 0.501548715625 0.5958604921874999 0.5854365125000001
0 0.33517955625 0.20453307656250003 0.329439265625 0.2360274921875 0.338711015625 0.23234164062499998 0.4442316984375 0.21960585 0.465333734375 0.274417046875 0.4752744171875 0.3541701796875 0.490357921875 0.3512637234375 0.49028645624999995 0.3189899046875 0.4784485453125 0.2206096578125 0.4398473921875 0.1710696453125 0.4015168625 0.1708585125 0.33517955625 0.20453307656250003
0 0.394616878125 0.6261135875 0.48231160156249997 0.6168126968750001 0.5297785687500001 0.5886735453124999 0.5194395703125 0.4748103078125 0.5102240453125 0.43100358125 0.48253649374999996 0.4268423671875 0.49340149218749996 0.55959695 0.4695722390625 0.5850805984375 0.391476109375 0.5925319296875 0.394616878125 0.6261135875
0 0.4664648265625 0.384356753125 0.47919656718750003 0.37620565 0.47291503281249997 0.3090423328125 0.4573617484375 0.245564859375 0.42810381093750005 0.2246128171875 0.3335529484375 0.2352348234375 0.3097237 0.260718471875 0.3148970078125 0.3375916953125 0.38188800624999997 0.3075897109375 0.43732695625 0.30830274687500003 0.4664648265625 0.384356753125
0 0.4167480546875 0.599057878125 0.4853732796875 0.578237340625 0.4954187859375 0.523122103125 0.47829511875 0.44285379999999996 0.47046606718749995 0.47854925000000004 0.383169653125 0.521960246875 0.344839128125 0.5217491125 0.3494225890625 0.587340371875 0.4167480546875 0.599057878125