0 0.5399790078125 0.1645746171875 0.543703 0.18131101875 0.6535607984375 0.19107391875 0.6759047578125 0.24546722499999998 0.7112826921875001 0.2064156203125 0.705696703125 0.1311018125 0.586528921875 0.1115760109375 0.5399790078125 0.1645746171875
0 0.413363240625 0.336122734375 0.5213590421875 0.345885634375 0.5362550140625 0.3905160390625 0.584666925 0.398884240625 0.60887288125 0.3556485359375 0.5883909187499999 0.256624825 0.4580511578125 0.249651325 0.413363240625 0.2984658296875 0.413363240625 0.336122734375
0 0.24019755781250002 0.5174337515625 0.348193359375 0.536959553125 0.3779853046875 0.5829846578125 0.4282592125 0.5843793578125 0.47294713125000004 0.5188284515625 0.43943119218750004 0.43514644375 0.2867474734375 0.4184100421875 0.2234395890625 0.475592746875 0.24019755781250002 0.5174337515625
0 0.0204819625 0.8131101812500001 0.1880616546875 0.8298465828125 0.24950754218750001 0.751743375 0.2253015859375 0.654114365625 0.039101928125000004 0.6234309625 0.001861996875 0.69037656875 0.0204819625 0.8131101812500001
0 0.3221254078125 0.7405857734375 0.3426073703125 0.8298465828125 0.530669025 0.8633193859375 0.5753569421875 0.8158995812500001 0.6219068578125 0.7670850765624999 0.603286890625 0.6666666671875 0.41522523749999996 0.648535565625 0.3388833765625 0.6973500703125 0.3221254078125 0.7405857734375
0 0.5921149125 0.50348675 0.7112826921875001 0.5146443515625 0.722454671875 0.5425383546875 0.79879653125 0.536959553125 0.8230024874999999 0.43793584374999994 0.8043825218749999 0.3821478375 0.6368028296875 0.3849372390625 0.586528921875 0.44351464375000005 0.5921149125 0.50348675
0 0.7131446890625 0.27894002812499996 0.83976045625 0.27894002812499996 0.8565184265625 0.3305439328125 0.8863103718750001 0.3333333328125 0.9123783234375 0.2677824265625 0.8881723671874999 0.20502092031250002 0.7503846203125 0.213389121875 0.709420696875 0.26220362656249996 0.7131446890625 0.27894002812499996
0 0.8881723671874999 0.2092050203125 0.9030683406250001 0.256624825 0.9272742953125 0.216178521875 0.9105163265625 0.15341701562500001 0.787624553125 0.15620641562499998 0.7690045859375 0.2078103203125 0.8881723671874999 0.2092050203125
0 0.487843103125 0.216178521875 0.491567096875 0.253835425 0.5921149125 0.2594142265625 0.603286890625 0.31938633125 0.64238881875 0.32357043281250003 0.68335274375 0.281729428125 0.6591467890625 0.19246861875000001 0.549288990625 0.17433751718749999 0.487843103125 0.216178521875
0 0.33702138125 0.412831240625 0.43570719999999996 0.4281729421875 0.4580511578125 0.4839609484375 0.5101870625 0.48814504843749995 0.5567369765625 0.43096234375 0.5157730515625001 0.340306834375 0.3817092984375 0.3347280328125 0.3277113984375 0.3877266390625 0.33702138125 0.412831240625
0 0.6796287515625 0.37656903750000004 0.802520525 0.3835425390625 0.8136925046875 0.43096234375 0.8285884765624999 0.43235704375 0.8714143984374999 0.3584379359375 0.83976045625 0.276150628125 0.7187306796875 0.28033472812500004 0.6759047578125 0.338912134375 0.6796287515625 0.37656903750000004
0 0.4841191109375 0.6527196656250001 0.5977009015625 0.6638772656249999 0.60887288125 0.6861924687500001 0.6610087859375 0.6861924687500001 0.7280406625 0.6052998609375 0.7075587 0.5118549515625 0.545564996875 0.50488145 0.46922313750000005 0.5815899578125 0.4841191109375 0.6527196656250001
0 0.1284777640625 0.5704323578125 0.1675796921875 0.6373779640625 0.23647356562500002 0.69037656875 0.335159384375 0.68898186875 0.396605271875 0.6359832640625 0.348193359375 0.534170153125 0.195509640625 0.5188284515625 0.1284777640625 0.5704323578125