0 0.5417158390625 0.274755928125 0.636841540625 0.2928870296875 0.7539963515625 0.31799163125 0.77202016875 0.248256625 0.774022815625 0.211994421875 0.6788971140625 0.18967921875 0.5617423015624999 0.17154811718750002 0.5136787890625001 0.17154811718750002 0.502664234375 0.24546722499999998 0.5417158390625 0.274755928125
0 0.47362586249999994 0.3333333328125 0.47062189375 0.412831240625 0.526695990625 0.4476987453125 0.578764796875 0.4532775453125 0.6839037296875 0.465829846875 0.7349712125 0.47419804687499995 0.7559989984375 0.3570432359375 0.757000321875 0.32914923281249997 0.698923578125 0.31520223125 0.5927833203125 0.283124128125 0.502664234375 0.2580195265625 0.48063512499999994 0.3026499296875 0.47362586249999994 0.3333333328125
0 0.749991059375 0.4156206421875 0.7660122296874999 0.4490934453125 0.8861710109375001 0.43793584374999994 0.894181596875 0.50348675 0.9041948281250001 0.50488145 0.9001895359375001 0.336122734375 0.894181596875 0.18549511875 0.8511247 0.1687587171875 0.77902943125 0.17852161718749998 0.757000321875 0.3040446296875 0.749991059375 0.4156206421875
0 0.73096591875 0.5815899578125 0.7169473953125001 0.7196652718750001 0.781032078125 0.7322175734374999 0.865143225 0.750348675 0.8831670421875 0.594142259375 0.8961842437499999 0.50069735 0.8901763046875001 0.4463040453125 0.8351035296875 0.4476987453125 0.7459857671875 0.4504881453125 0.73096591875 0.5815899578125
0 0.4746271859375 0.42398884218750005 0.439580875 0.4588563453125 0.4365769046875 0.4769874484375 0.47062189375 0.50348675 0.47162321562500004 0.5578800562499999 0.5156814359374999 0.5704323578125 0.5897793515624999 0.5788005578125001 0.708936809375 0.6080892609374999 0.7339698890624999 0.5425383546875 0.739977828125 0.468619246875 0.64184815625 0.46025104531250005 0.5847727359375 0.45746164531250005 0.502664234375 0.43514644375 0.4746271859375 0.42398884218750005
0 0.45259807656250006 0.7698744765625001 0.41955441093749996 0.7726638765625 0.430568965625 0.8619246859375 0.43557558125 0.9288702921875001 0.6668812359375 0.9260808921875 0.6819010828125001 0.9023709906249999 0.6999249 0.754532775 0.64184815625 0.7405857734375 0.530701284375 0.718270571875 0.46361263125 0.6959553703125 0.45259807656250006 0.7698744765625001
0 0.69692093125 0.93026499375 0.8631405781250001 0.93026499375 0.8711511640625 0.8856345890625 0.8711511640625 0.81868898125 0.8591352859375 0.754532775 0.8310982375 0.7336122734375 0.7169473953125001 0.725244071875 0.69692093125 0.93026499375
0 0.0030039687499999997 0.2914923296875 0.11014555 0.30962343125 0.1522011234375 0.31520223125 0.1852447875 0.19525801874999998 0.07810320781249999 0.17991631875 0.0040052921875000005 0.1729428171875 0.0030039687499999997 0.2914923296875
0 0.1852447875 0.19386331875 0.15019847656250002 0.31241283124999997 0.2222937453125 0.3221757328125 0.30740621562500003 0.3221757328125 0.3444551734375 0.3221757328125 0.35346708125 0.3556485359375 0.3714908984375 0.351464434375 0.382505453125 0.2705718265625 0.3845081 0.18131101875 0.3634803125 0.17154811718750002 0.3064048921875 0.18131101875 0.1852447875 0.19386331875
0 0.0010013234375000001 0.39191073906249996 0.0831098234375 0.4184100421875 0.0891177625 0.468619246875 0.09913099375 0.472803346875 0.11014555 0.43654114374999997 0.1411865671875 0.338912134375 0.1451918609375 0.31659693125 0.108142903125 0.30543933125 0.0020026468750000003 0.2914923296875 0.0010013234375000001 0.39191073906249996
0 0.077101884375 0.465829846875 0.0420555734375 0.6052998609375 0.030039695312499996 0.7322175734374999 0.07610056093749999 0.7712691765625 0.146193184375 0.7043235703125 0.21628580625 0.6290097625 0.255337409375 0.6290097625 0.27736652031250003 0.6722454671875 0.2813718125 0.714086471875 0.279369165625 0.7670850765624999 0.329435325 0.774058578125 0.44558881406250006 0.7726638765625 0.4626113078125 0.654114365625 0.47362586249999994 0.5760111578125 0.4746271859375 0.49511855000000005 0.4415835203125 0.47140864687499995 0.27035725781250003 0.47419804687499995 0.077101884375 0.465829846875
0 0.45660336875 0.69037656875 0.5567356859375 0.725244071875 0.6408468328125 0.7364016734375001 0.6999249 0.7489539749999999 0.71093945625 0.6861924687500001 0.7079354859375 0.599721059375 0.564746271875 0.5760111578125 0.4966562953125 0.56764295625 0.4766298328125 0.5578800562499999 0.4656152765625 0.6248256624999999 0.45660336875 0.69037656875
0 0.11114687187500001 0.4295676421875 0.19325537343750002 0.43235704375 0.3134141546875 0.42398884218750005 0.3204234171875 0.464435146875 0.35346708125 0.3570432359375 0.3364445875 0.31659693125 0.20226728125000001 0.32357043281250003 0.1451918609375 0.31241283124999997 0.12015878124999999 0.3835425390625 0.11114687187500001 0.4295676421875
0 0.09913099375 0.470013946875 0.1992633125 0.4769874484375 0.3164181234375 0.4811715484375 0.3224260625 0.4588563453125 0.3134141546875 0.42398884218750005 0.204269928125 0.43514644375 0.1401852453125 0.4295676421875 0.1071415796875 0.4281729421875 0.09913099375 0.470013946875
0 0.0030039687499999997 0.5244072531249999 0.06007939062499999 0.531380753125 0.0690912984375 0.472803346875 0.0901190859375 0.465829846875 0.0891177625 0.411436540625 0.07209526875 0.401673640625 0.0060079390625 0.39330543906250004 0.0030039687499999997 0.5244072531249999