0 0.25264113906249996 0.275619053125 0.2826779046875 0.350239265625 0.40599043437500004 0.31668091875000004 0.5064547375 0.291875028125 0.544413440625 0.2580100609375 0.521351084375 0.178474540625 0.469212790625 0.18107709375 0.34485176875 0.20707581875 0.2450165609375 0.2364174828125 0.25264113906249996 0.275619053125
0 0.4523159859375 0.30371178125 0.34200030625 0.3442333265625 0.28109684375 0.362497309375 0.286377021875 0.39268155937500004 0.3268021625 0.5185445078125 0.3809409140625 0.5067077546875 0.49310615156250004 0.487407359375 0.5487505140625 0.4785402328125 0.6043360765625 0.4377058359375 0.5891246421874999 0.35168885781250003 0.57690778125 0.3188060828125 0.5463007234374999 0.271617371875 0.4523159859375 0.30371178125
0 0.1268166640625 0.3778103671875 0.14784527187500002 0.5609699796875 0.1584977171875 0.5589158578125 0.1573316234375 0.4874216984375 0.2893549484375 0.49301070312500006 0.301701628125 0.4558570234375 0.2773222796875 0.3352826921875 0.23455273437500002 0.20040242031250002 0.1548774046875 0.1937227890625 0.1106865578125 0.214197321875 0.1268166640625 0.3778103671875
0 0.227114496875 0.824953925 0.31563044218749997 0.8007444546875 0.3832608859375 0.783667071875 0.347293771875 0.6347457296875 0.3112889359375 0.49343822968750006 0.21419644999999998 0.4952399515625 0.154244953125 0.4967101171875 0.1559058921875 0.556000453125 0.184076453125 0.6565944640625 0.227114496875 0.824953925
0 0.4872179609375 0.4922684484375 0.42572312968750003 0.498382828125 0.320532296875 0.5127679125 0.3381635828125 0.5925745359375 0.3751747546875 0.6622794375 0.5000306203125 0.6240768828125 0.5791523062499999 0.6109930734375 0.6250584609375001 0.5950000906249999 0.6179664500000001 0.5359808546875 0.6509134796875 0.505410834375 0.6449287609375001 0.48591849218750005 0.6016688 0.45001810156250005 0.5729323796875 0.46363164375 0.4872179609375 0.4922684484375
0 0.7194267 0.9871224734374999 0.715307434375 0.9223763765624999 0.713835115625 0.8250168609375 0.6775706421875001 0.823782271875 0.6545082859375 0.7442467453125 0.5850870828125 0.7720702515625 0.46787244218749996 0.8022794328125 0.4069689828125 0.82054341875 0.44874883906249996 0.9798313406249999 0.460621678125 0.9947123265625001 0.6124312484375001 0.9924632953125 0.7194267 0.9871224734374999
0 0.24093792343749998 0.971935815625 0.24925909218750003 0.9978436234375 0.4329049453125 0.9951229453125 0.3840996765625 0.7897147625 0.261529415625 0.8049673703125 0.2342608765625 0.829164378125 0.230872415625 0.899363490625 0.24093792343749998 0.971935815625
0 1 0.163247521875 0.9951125781249999 0.1639604375 0.88119430625 0.1863931203125 0.93507341875 0.3146292796875 0.9798556359375 0.3063043515625 1 0.3017861953125 1 0.163247521875
0 0.678533746875 0.27871830000000003 0.702644596875 0.36581343906249997 0.7228255484375 0.36937325 0.727568728125 0.332599109375 0.7677586625 0.33059297499999996 0.8600868937499999 0.3259842859375 0.9368264515625 0.31149699218750004 0.8809846078125 0.184881196875 0.7476653718749999 0.177834490625 0.684283259375 0.170341559375 0.662940640625 0.1820636390625 0.678533746875 0.27871830000000003
0 1 0.2982265515625 0.9813989718749999 0.30166014375 0.9428866171875001 0.3157616640625 0.95058664375 0.33973555625 0.998938159375 0.4438893796875 1 0.4462518203125 1 0.2982265515625
0 1 0.47752433281249995 0.8308056875000001 0.493386490625 0.6446436140625 0.499634240625 0.6123634015625 0.5271261953125 0.6256121078125 0.6147635328125001 0.64930355625 0.6988348234374999 0.685593540625 0.826426578125 0.8118041187499999 0.821648996875 0.8650663515625 0.8113783828125 0.8549253968749999 0.7540337359375 0.8529793124999999 0.7084591546875 0.8703753937500001 0.66039669375 0.9127377593749999 0.65828211875 1 0.736044625 1 0.47752433281249995
0 0.3750027796875 0.6531536796874999 0.3847454171875 0.7470555875 0.40613019218749996 0.8144957234374999 0.46832956406250004 0.7976894421875 0.5578939968750001 0.781039584375 0.66127299375 0.7378195125 0.641641253125 0.6672470921875 0.6196273875 0.5952711890625 0.5993709859374999 0.60693905 0.5267665859374999 0.6196975390625 0.3750027796875 0.6531536796874999
0 0.7750270796875001 0.4855140203125 0.7765493359375 0.44128870156250005 0.9081532609374999 0.44385386093749996 0.99680345625 0.4363839828125 0.9801074890624999 0.386978490625 0.9422575234374999 0.31122589375 0.8820208828125 0.3264118125 0.73541965 0.32611765937500004 0.723035246875 0.3708851734375 0.7750270796875001 0.4855140203125
0 1 0.43474213281249996 0.9653032343750001 0.4379563609375 0.8966243 0.44747412343750004 0.7765493359375 0.44128870156250005 0.77201585625 0.4795747671875 0.7818883125 0.50344021875 0.9083463125 0.49256072656249994 1 0.4815002171875 1 0.43474213281249996