0 0.068379778125 0.1983192328125 0.026132046875 0.214588621875 0.040751971875 0.3246035671875 0.07353735624999999 0.46562656718750006 0.08937498125 0.4856124046875 0.136408715625 0.460484971875 0.1153713203125 0.3818866671875 0.068379778125 0.1983192328125
0 0.202106471875 0.18257771875 0.1340357625 0.1952381953125 0.151918625 0.26013595 0.18481282968749999 0.4084725578125 0.213398921875 0.45235811562499995 0.27759721875 0.4306323640625 0.2453778671875 0.35409265625 0.202106471875 0.18257771875
0 0.28949621875 0.29167579843749997 0.3341160640625 0.4083904953125 0.38393442499999997 0.38532361875 0.34296935156249997 0.26304698593750003 0.3091181140625 0.1429345265625 0.2600176328125 0.161366128125 0.28949621875 0.29167579843749997
0 0.4984732515625 0.3491837640625 0.47606547343749994 0.297470440625 0.421482625 0.2911792734375 0.41634823125000003 0.2501812375 0.411844409375 0.1590182375 0.421938584375 0.14995492187499998 0.3994873609375 0.10854242343750001 0.348581215625 0.12460457968750001 0.37244668281250004 0.194962615625 0.43066362812500003 0.36617062499999997 0.4984732515625 0.3491837640625
0 0.486959909375 0 0.4577026328125 0.0152250453125 0.453112759375 0.076926390625 0.4912712734375 0.16922720468750002 0.554970165625 0.299026634375 0.6097921703125 0.2817289265625 0.6111625515625 0.2548439453125 0.5985444171875 0.2000417453125 0.5608861421875 0.088478440625 0.5215929328125 0 0.486959909375 0
0 0.619694003125 0 0.6407478671875 0.061810489062499994 0.6860640796874999 0.2121059984375 0.6915249343750001 0.275044853125 0.76866740625 0.26393077656249997 0.7677533999999999 0.21572275 0.7610744281249999 0.17668165625 0.7274842734375 0.0608955828125 0.7048624203125 0 0.619694003125 0
0 0.9102055578125 0.4823282875 0.8830763171875 0.32482474843750003 0.8687178953125001 0.285267534375 0.811089334375 0.2725894265625 0.8271665296874999 0.3351177359375 0.8639770109375 0.548350140625 0.88407846875 0.5508251609375 0.9048978062499999 0.54866490625 0.9102055578125 0.4823282875
0 0.812961628125 0.49096734375000006 0.760705359375 0.29730435625 0.7318801109375 0.27700767187499997 0.6695309234375 0.290802040625 0.6863475140624999 0.310478990625 0.703621315625 0.38732562812500004 0.750199509375 0.56955389375 0.82188154375 0.5616323078125001 0.812961628125 0.49096734375000006
0 0.6845215921875 0.5447196734374999 0.629241540625 0.37258500156249996 0.6120765593749999 0.303051971875 0.565086271875 0.31787857812500003 0.566087165625 0.34548495 0.5936293359375 0.43819631093750006 0.637509790625 0.597762365625 0.7030135125 0.5976685484375001 0.6845215921875 0.5447196734374999
0 0.47432602343749997 0.444978121875 0.5265822906250001 0.638641109375 0.58991044375 0.6245378546875 0.5419618671875 0.46919456718749997 0.5035203390625 0.34465210625 0.44895942031249997 0.3662762 0.47432602343749997 0.444978121875
0 0.42722733125 0.5186224687500001 0.3837821609375 0.38831083906249997 0.3292212421875 0.40993493281250004 0.33853257812500004 0.45402380468750003 0.3902013015625 0.621419584375 0.42899038906250003 0.6635554328125 0.4695412765625 0.6522302062499999 0.42722733125 0.5186224687500001
0 0.8795535531249999 0.5640095921875 0.8315189234375 0.561530653125 0.8200543687499999 0.5974789515625 0.8450949281250001 0.7203714 0.9072703375 0.7477803375 0.9509103828125 0.7325412265625 0.9295465265624999 0.6320021015624999 0.8795535531249999 0.5640095921875
0 0.8014118578125 0.81204268125 0.7789821484375 0.7324141 0.7375817921875 0.5808830390625 0.677408175 0.608686846875 0.739845925 0.8388162109374999 0.8014118578125 0.81204268125
0 0.55101295625 0.6412197453124999 0.5590188671874999 0.663676684375 0.6156697203125 0.875057721875 0.6820870296875 0.85704058125 0.6522170234375 0.7533070046875 0.6256318875 0.6323714984375 0.55101295625 0.6412197453124999
0 0.4957776046875 0.6571782875000001 0.4657342390625 0.6607793640625 0.443631409375 0.6692229453125 0.4418476765625 0.6947687609375001 0.45803369531250004 0.764610678125 0.49747612031250005 0.9167595125 0.5601298375 0.8969907031250001 0.4957776046875 0.6571782875000001
0 0.24594347968750002 0.3524446015625 0.27801056874999996 0.43197153125 0.331635965625 0.40035549687499994 0.2898441921875 0.2754005328125 0.26073551093749997 0.1567308546875 0.20158430156249998 0.17392494687499999 0.24594347968750002 0.3524446015625
0 0.36563946875000003 0.5174807359375 0.3210849984375 0.4183804734375 0.2723978671875 0.43815124375 0.30716269375 0.54034038125 0.3464309234375 0.6675611765625 0.370817725 0.6143092921875 0.394073715625 0.6304848625 0.36563946875000003 0.5174807359375
0 0.40662689218750003 0.7338039765625 0.36666313125 0.7052650625 0.4391516109375 0.9366319375 0.49830281875000004 0.9194378437499999 0.47106517812500004 0.8207520453124999 0.43808408437499996 0.6930170906249999 0.40662689218750003 0.7338039765625
0 0.5268442125 0.775230190625 0.557345209375 0.8949301453125 0.618867696875 0.8784574453125 0.5916735 0.76947081875 0.5518396546875 0.643898078125 0.49690883281250003 0.6538821796875001 0.5268442125 0.775230190625
0 0.7065603 0.7170556968749999 0.674623546875 0.6066262906250001 0.6198015453125 0.6239239984375 0.6816736796875 0.855701415625 0.743457253125 0.8435551015625 0.7065603 0.7170556968749999
0 0.41602344375 0.49276580625 0.46603876718750004 0.6548049218750001 0.5254945078125 0.631636390625 0.49118647656250003 0.5204855921875 0.447262578125 0.3712203625 0.38980821250000003 0.38347029374999997 0.41602344375 0.49276580625
0 0.5438329093750001 0.4891784453125 0.5915638421875 0.62989451875 0.6472559906249999 0.604974315625 0.5888214031250001 0.41913909374999997 0.56101815 0.3221013484375 0.5021714687500001 0.333321 0.5438329093750001 0.4891784453125
0 0.6945073609375 0.594474096875 0.7525707875000001 0.5702752859375 0.7275956046875 0.46499726875 0.685629634375 0.31511426249999996 0.667311909375 0.287093428125 0.6129032578125 0.3057303046875 0.6945073609375 0.594474096875
0 0.8531860546875001 0.457701296875 0.812547025 0.2912341375 0.7754113375 0.2544549546875 0.7379061640625 0.272167125 0.75446166875 0.287517690625 0.7791103890625 0.370854884375 0.8263630187500001 0.5587487046875 0.8652605046874999 0.5420668125 0.8531860546875001 0.457701296875
0 0.34281708593750004 0.26603420624999996 0.3865667875 0.390371396875 0.4351450984375 0.363287021875 0.3974433796875 0.26202454531249997 0.34899456562500003 0.125943746875 0.3116416578125 0.140668696875 0.34281708593750004 0.26603420624999996
0 0.4730197609375 0.2910834953125 0.4976465515625 0.3465054328125 0.55462219375 0.3153019015625 0.4990595421875 0.17705693125 0.44863128750000003 0.07980999375 0.3975728765625 0.098859371875 0.4246797671875 0.16231630625 0.47719586718749996 0.1619116390625 0.48522412812500004 0.278415184375 0.4730197609375 0.2910834953125
0 0.120201184375 0.4288591421875 0.1366697984375 0.4648113578125 0.2023692296875 0.45142949374999997 0.1773725328125 0.3843675640625 0.1339269421875 0.18792458750000002 0.0724044546875 0.20439728750000002 0.120201184375 0.4288591421875
0 0.9853917750000001 0.7363573734375 0.9687924078125001 0.665176290625 0.9471459546875 0.5985268640625 0.887689796875 0.5555640515625 0.8576898765625 0.5488643 0.9083353546874999 0.5946071046875 0.93065624375 0.6669220796875 0.954891615625 0.748920109375 0.9853917750000001 0.7363573734375
0 0.5254866859375 0 0.5328437312500001 0.015029571875 0.6107272703125 0.2255895203125 0.612533353125 0.29409031093750004 0.6893059203125 0.271336240625 0.69219895 0.21457905781250003 0.6692036265625 0.136598528125 0.6208155375 0 0.5254866859375 0
0 0.7078597375 0 0.7148226953125 0.0163942078125 0.7612266921875 0.1736944359375 0.7694287296875 0.248994675 0.8278620609375 0.23643585625000002 0.8175278984375 0.136825353125 0.7966642796875 0.017023740625 0.7902734640625 0 0.7078597375 0