0 0.7527420578124999 0.630584396875 0.730516203125 0.5530925609375 0.6968881015624999 0.5850388921875 0.6319504499999999 0.5680758578125 0.5928178796875 0.671899528125 0.7240139250000001 0.707799828125 0.7527420578124999 0.630584396875
0 0.2885006203125 0.72926075 0.2696118125 0.6314606671874999 0.23201632499999997 0.6216399609375001 0.22868445781250002 0.67779255625 0.09353653437500001 0.70765825625 0.11839869218750002 0.7532542062500001 0.2885006203125 0.72926075
0 0.22014002812500003 0.675560578125 0.20738602187500002 0.5679584421875 0.16038908125 0.5377603843750001 0.16396831875 0.5810552609374999 0.0428040703125 0.6276075921875 0.06409733437500001 0.701597365625 0.22014002812500003 0.675560578125
0 0.142130615625 0.5020355921874999 0.08099371093749999 0.44859316250000003 0.036820382812500003 0.6081230343749999 0.1523942640625 0.57640265625 0.142130615625 0.5020355921874999
0 0.5604691625 0.41906532968750004 0.5512188328125001 0.3694013671875 0.44519752968750004 0.3922124859375 0.3800932453125 0.297003028125 0.3347296265625 0.281894675 0.277101565625 0.32223476875 0.298248871875 0.4613554984375 0.45826411875 0.5129300984375 0.52731510625 0.5065292140625 0.49981664375 0.49282914531250005 0.5604691625 0.41906532968750004
0 0.5540663140625 0.18604252968749999 0.491916090625 0.1078970015625 0.4458569109375 0.1170453609375 0.30465491718750004 0.177914153125 0.3498725734375 0.258153459375 0.447682709375 0.389603215625 0.6196446515625 0.336769546875 0.63245870625 0.3221953375 0.5551707046875001 0.3036353671875 0.5540663140625 0.18604252968749999
0 0.6989386140625 0.261358340625 0.7584473625 0.3355554125 0.81585908125 0.410833921875 0.8726301140625001 0.35234845312499996 0.934538146875 0.36689086406250004 0.9809282796875 0.3389497125 0.9940407265625 0.161931665625 0.856194678125 0.1259234765625 0.8360169359375 0.152164775 0.6989386140625 0.261358340625
0 0.835352384375 0.391487565625 0.8167212765625 0.4648236359375 0.8224731078125 0.49239376406249996 0.8551737859375 0.49278971406250005 0.9026396046875 0.5426609703125 0.9651183984375 0.552383109375 0.9802098390625 0.348648659375 0.9329855546875001 0.3730022 0.8723982625 0.3604340203125 0.835352384375 0.391487565625
0 0.858047115625 0.4886526046875 0.811055346875 0.49429889375 0.717777709375 0.5530234625 0.7392169265625 0.5618822765625 0.7943049234374999 0.6821721375 0.9492580640625 0.666416653125 0.9569047390625001 0.6363176890625 0.9602582984374999 0.6179944421875 0.9605202890625 0.6144575828125001 0.9217499296874999 0.5606867953125 0.858047115625 0.4886526046875
0 0.44134189375000005 0.586712565625 0.5358595375 0.5087611921875 0.5176062390625 0.5088807390625 0.43239897968749996 0.51431973125 0.3791212765625 0.5590546875 0.4881877078125 0.6461972265625 0.47521218750000005 0.6183693531250001 0.5039454921875001 0.5769982640625 0.44600483750000003 0.60422289375 0.44134189375000005 0.586712565625
0 0.5540663140625 0.18604252968749999 0.5561788546875001 0.2924941296875 0.5905128640624999 0.307979775 0.7597681 0.3375296421875 0.693035659375 0.2630748234375 0.7900384890625001 0.18251417812499998 0.7805651250000001 0.1061674984375 0.5437443296875 0.04430509375 0.5176383140625 0.0421779359375 0.5158301515625 0.042457850000000005 0.5540663140625 0.18604252968749999