0 0.41230769218749996 0.26359832656250004 0.4502564109375 0.31799163125 0.5241025640625 0.2649930265625 0.598974359375 0.2064156203125 0.5353846156250001 0.150627615625 0.478974359375 0.213389121875 0.41230769218749996 0.26359832656250004
0 0.448205128125 0.41980474218749997 0.478974359375 0.44351464375000005 0.502564103125 0.4476987453125 0.5097435890625001 0.4295676421875 0.5097435890625001 0.3779637375 0.40205128281249997 0.276150628125 0.3784615390625 0.249651325 0.3333333328125 0.2900976296875 0.448205128125 0.41980474218749997
0 0.2 0.3682008375 0.2984615390625 0.531380753125 0.384615384375 0.47140864687499995 0.27999999999999997 0.336122734375 0.27076923124999996 0.31799163125 0.21435897499999998 0.337517434375 0.2 0.3682008375
0 0.505641025 0.3668061359375 0.5117948718750001 0.43514644375 0.5384615390625 0.4490934453125 0.5784615390625001 0.41701534218749997 0.6676923078125 0.34309623437500003 0.68923076875 0.3528591359375 0.69641025625 0.338912134375 0.6902564109375 0.2998605296875 0.6748717953125001 0.2733612265625 0.6482051281250001 0.256624825 0.545641025 0.33193863281249997 0.505641025 0.3668061359375
0 0.7097435890625 0.56764295625 0.7230769234375 0.592747559375 0.7251282046874999 0.6234309625 0.7517948718749999 0.6080892609374999 0.7774358968749999 0.5606694562500001 0.76923076875 0.5104602515625001 0.7271794875 0.4825662484375 0.6184615390625 0.3877266390625 0.5641025640625 0.4295676421875 0.7097435890625 0.56764295625
0 0.391794871875 0.5746164578124999 0.3312820515625 0.598326359375 0.3179487171875 0.6164574609375 0.3220512828125 0.6750348671874999 0.37641025625 0.714086471875 0.3897435890625 0.655509065625 0.47076923125 0.6080892609374999 0.534358975 0.5620641562500001 0.5548717953125 0.531380753125 0.521025640625 0.49093444843749995 0.502564103125 0.47419804687499995 0.4471794875 0.528591353125 0.391794871875 0.5746164578124999
0 0.45846153906250003 0.31241283124999997 0.5066666671875 0.3709902375 0.608205128125 0.288702928125 0.6471794875 0.246861925 0.58358974375 0.20223152031249997 0.49846153906249996 0.281729428125 0.45846153906250003 0.31241283124999997
0 0.273846153125 0.31659693125 0.358974359375 0.43096234375 0.38871794843749996 0.47140864687499995 0.4502564109375 0.42119944218749994 0.3651282046875 0.32914923281249997 0.3148717953125 0.2733612265625 0.295384615625 0.30962343125 0.273846153125 0.31659693125
0 0.29641025625 0.538354253125 0.26358974375 0.55648535625 0.265641025 0.6094839609375 0.3148717953125 0.654114365625 0.34051282031249996 0.5955369593750001 0.4348717953125 0.5411436546874999 0.50358974375 0.4825662484375 0.478974359375 0.43933054374999997 0.446153846875 0.41980474218749997 0.36615384687499997 0.49790795 0.29641025625 0.538354253125
0 0.6266666671875 0.3835425390625 0.6994871796875 0.45606694531249997 0.758974359375 0.49930265 0.7794871796875 0.532775453125 0.7805128203125 0.5481171546875 0.8328205125 0.472803346875 0.8246153843749999 0.43235704375 0.735384615625 0.3849372390625 0.673846153125 0.337517434375 0.633846153125 0.3626220359375 0.6266666671875 0.3835425390625
0 0.577435896875 0.55509065625 0.61641025625 0.6108786609375 0.615384615625 0.6317991625 0.6482051281250001 0.6708507671875 0.66358974375 0.6680613671875 0.7271794875 0.6248256624999999 0.7220512828125 0.592747559375 0.70358974375 0.5578800562499999 0.6215384609375 0.48814504843749995 0.5630769234375 0.42677824218750005 0.5087179484375 0.470013946875 0.577435896875 0.55509065625
0 0.4287179484375 0.6359832640625 0.374358975 0.6582984656249999 0.375384615625 0.7266387734374999 0.43794871718749995 0.7670850765624999 0.528205128125 0.723849371875 0.6051282046875001 0.659693165625 0.617435896875 0.6415620640624999 0.6071794875000001 0.592747559375 0.5558974359375 0.5425383546875 0.478974359375 0.6080892609374999 0.4287179484375 0.6359832640625