0 0.6699454640625 0 0.6716741749999999 0.0068764906249999995 0.7700082734375 0.1015365484375 0.8180074390625001 0.131357375 0.870801290625 0.0703408921875 0.9122534343750001 0 0.6699454640625 0
0 0.3747596125 0 0.3748096125 0.019827932812499997 0.38098303125 0.174285590625 0.40027349843750004 0.2353301515625 0.5350472234375 0.21893417187500003 0.590868121875 0.218038928125 0.5979272718749999 0.1994726609375 0.5841940812499999 0.0354409921875 0.57363079375 0 0.3747596125 0
0 0.24463089531249999 0.049693971875 0.18599308750000001 0.07379938750000001 0.1077743203125 0.092051378125 0.0923928109375 0.11319343125 0.1026696515625 0.151710953125 0.152967021875 0.332721153125 0.2137499578125 0.34667159375 0.280533740625 0.3155773125 0.356169034375 0.2951464703125 0.34628775156249997 0.2431035234375 0.319818803125 0.1664100484375 0.29745849999999996 0.067595825 0.2825438640625 0.0379598265625 0.24463089531249999 0.049693971875
0 0.5705103140625 0.2317858265625 0.535414253125 0.22030979843749998 0.47491276875 0.2524381375 0.4079383390625 0.28656987031250003 0.3685287234375 0.3077025671875 0.3559070703125 0.33543655 0.37372942187499997 0.390978609375 0.402605459375 0.46543786249999997 0.4382644203125 0.56907145625 0.45448505624999996 0.592346359375 0.4835037265625 0.59230035 0.5665794609375 0.547228340625 0.6700130046874999 0.48840943281250004 0.6593833984375 0.4410657609375 0.594424315625 0.2913993953125 0.5705103140625 0.2317858265625
0 0.8416114625000001 0.1597932109375 0.71271925625 0.096929290625 0.6936674484375 0.10431508593750001 0.6818083828125 0.119899271875 0.6207259203125 0.26240987968749996 0.6300209999999999 0.33101570156250004 0.641999396875 0.3496466984375 0.7677361890625 0.41944411718749997 0.8096579609375001 0.43774290625 0.8362838046875 0.4324805953125 0.8550399000000001 0.3864665390625 0.8904069609375 0.2563825734375 0.8895250453125 0.23431719375 0.8820365890625 0.18749054999999998 0.8416114625000001 0.1597932109375
0 1 0.2715001140625 0.934735825 0.27244714062500003 0.9079050703125 0.28819742812500004 0.9030338375 0.322467975 0.9180107515625 0.41612126250000003 0.931843784375 0.5279992499999999 0.9312290546875 0.559463178125 0.9546566984375 0.5834859406249999 1 0.58126333125 1 0.2715001140625
0 0.7818026578125 0.5059330765625 0.76075358125 0.49457714375000006 0.6725251625 0.52784091875 0.5707503859374999 0.5891248796874999 0.560902853125 0.616000265625 0.57226651875 0.666095190625 0.6324399484375001 0.80532895 0.6666593171875 0.8885589875000001 0.702298790625 0.9058237171875 0.7380095796874999 0.885835815625 0.8338548234375001 0.8323439484374999 0.8940035421875001 0.79138945625 0.89429403125 0.7361983234375 0.839421140625 0.6280869265625 0.7818026578125 0.5059330765625
0 0.24012047343749998 0.76442744375 0.2586768828125 0.822720753125 0.30218610468749996 0.8807372265625 0.35018835937500004 0.9684975890624999 0.4771222953125 0.9543938187500001 0.480969678125 0.950498 0.5172809328125 0.9064966953125 0.5578201671875 0.8745898265625 0.5652606078125 0.849948659375 0.5516804984375 0.7990505046874999 0.5216463171875 0.7502664796875 0.43317401406249995 0.6212805078125 0.422692265625 0.5932509609375 0.40513710312500006 0.5912382109375 0.3505223625 0.6379260375 0.2492339453125 0.734800803125 0.24012047343749998 0.76442744375
0 0.3306495046875 0.39835504843749997 0.245528484375 0.3532175171875 0.23796871249999998 0.34364350312499997 0.15610817187499998 0.3332381828125 0.140345371875 0.36045513749999997 0.10503536093750002 0.46073700000000006 0.085650275 0.5456655109375 0.10791977187499999 0.5953635 0.1629352953125 0.6289696359375 0.2689432734375 0.673599496875 0.289096171875 0.6703405765625 0.31175600000000003 0.6126937515625 0.3549305359375 0.45934424218750003 0.35089320625 0.4442123609375 0.3306495046875 0.39835504843749997
0 0.0231922296875 0.34788345 0.050410171875 0.31978605 0.04954251875 0.29027014375000004 0.021881675 0.1603335609375 0.0097696859375 0.11493791093750001 0.0074812953125 0.1122194375 0.0231922296875 0.34788345
0 0.0518977796875 0.41165741718750004 0.027201695312500003 0.40802542500000005 0.03654296875 0.5481445265625 0.0658392 0.6579465890625 0.07143213281250001 0.634951728125 0.0729092921875 0.5391843171875 0.07346174375 0.443703103125 0.0518977796875 0.41165741718750004
0 1 0.662022759375 0.99052056875 0.67663155625 0.9243282125000001 0.78498235 0.934576525 0.838400921875 0.9766223999999999 0.8271137015625 1 0.8198782828125 1 0.662022759375
0 0.18001454687500001 0.783030359375 0.172159059375 0.7348280890625001 0.1441792 0.674983690625 0.10943590624999999 0.6723338125 0.07450069687500001 0.690409815625 0.1544984734375 0.9902409109375 0.196037759375 0.985625434375 0.21629346093750002 0.9490194109375001 0.209172034375 0.9035683953125 0.18001454687500001 0.783030359375
0 0.9311820609374999 0 0.9054823093750001 0.008973484375 0.8982039859375 0.045478254687500004 0.901831496875 0.081586090625 0.934172925 0.1802895765625 0.94166138125 0.22711621875 0.9586018125000001 0.2605928984375 1 0.257108709375 1 0.22784096250000002 0.939209871875 0 0.9311820609374999 0