0 0.07265960625 0.5492681515625 0.139722678125 0.5916111109375 0.1572597765625 0.58460935 0.146210303125 0.46144641093749994 0.20118218125 0.4273662171875 0.15155426875 0.3949740953125 0.070429659375 0.4141280390625 0.07265960625 0.5492681515625
0 0.334725346875 0.48250525 0.2306575578125 0.5222164984375001 0.2487999109375 0.667547759375 0.310926790625 0.7085526609375 0.35204101250000003 0.70206418125 0.34135948437499997 0.580960240625 0.3871438984375 0.5567982265625 0.386713840625 0.5018224546875001 0.334725346875 0.48250525
0 0.5397469125 0.6046951890625001 0.45500497187500005 0.6561759515625 0.46690341875 0.8278973546874999 0.5418462359375 0.8880503328125 0.5842172046874999 0.8623099515625 0.5841949171875 0.7395238078124999 0.6285585234375 0.6986495203125 0.6201467796875 0.6428163234375 0.5397469125 0.6046951890625001
0 0.8109265125 1 0.9406238124999999 0.9795317015625 0.9424263859374999 0.9524930984375001 0.935615415625 0.8661314843750001 0.838199309375 0.8116422156249999 0.736390159375 0.855231140625 0.738648171875 1 0.8109265125 1
0 0.781360684375 0.39719964218750003 0.675402203125 0.43509220937500004 0.6927688390625 0.6461748468749999 0.761150771875 0.722182675 0.8116674875 0.7332639000000001 0.9050760375 0.6952348484375 0.904459634375 0.4815087578125 0.8438555078125001 0.4402635390625 0.781360684375 0.39719964218750003
0 0.3822539390625 0.23154222500000002 0.325023421875 0.2617447453125 0.3611839109375 0.44657372031250003 0.4350738640625 0.49207341250000003 0.4994482359375 0.4755629234375 0.488081790625 0.3418646953125 0.51632910625 0.32470444062500003 0.49515239062500005 0.241246875 0.3822539390625 0.23154222500000002
0 0.1788172375 0.16202874843749998 0.11507680468749999 0.199609828125 0.15144117968749998 0.35053361875 0.2128321703125 0.387420528125 0.2303692671875 0.380418765625 0.2053490546875 0.240407065625 0.25837926875 0.2129844859375 0.25553765781250004 0.17955993125 0.1788172375 0.16202874843749998
0 0.11953196875000001 0.1544484078125 0.0543197640625 0.1837935 0.0816495875 0.3192065796875 0.1416707421875 0.3309049140625 0.119645053125 0.1988888859375 0.168474965625 0.174246240625 0.11953196875000001 0.1544484078125
0 0.293079121875 0.4509705515625 0.23930187812499998 0.41288207187500003 0.1466292171875 0.45502911093750004 0.148542196875 0.5796339328125 0.2063668296875 0.6403713671875 0.24674516249999998 0.6297648953125 0.2329671671875 0.5176178765625 0.29623770625 0.49493040156249996 0.293079121875 0.4509705515625
0 0.42725623125 0.5271801671875 0.3363723234375 0.588098484375 0.3567733203125 0.7373074234375 0.425308165625 0.7878863640625 0.4508779234375 0.77326573125 0.4481271140625 0.661495509375 0.50462174375 0.6271750015625 0.4988875484375 0.568802184375 0.42725623125 0.5271801671875
0 0.285890690625 0.1917062453125 0.202303559375 0.2408876921875 0.23078818750000002 0.37400146562500003 0.3032063640625 0.41126517500000004 0.343584696875 0.40065870625000005 0.3269141140625 0.2635634265625 0.376479915625 0.2430387765625 0.37505910937500003 0.226326496875 0.285890690625 0.1917062453125
0 0.583748978125 0.307713321875 0.48577218125000005 0.3464633109375 0.5101695953125 0.5267975015624999 0.609006503125 0.5979990453124999 0.683723146875 0.56927106875 0.6734605359375 0.44174982187499995 0.695616853125 0.425550825 0.6853144109375 0.3678989515625 0.583748978125 0.307713321875
0 0.5945706171875 0.9114855328125 0.664158321875 0.97671775625 0.729523446875 0.9219437750000001 0.7737739640625 0.836629 0.752750165625 0.727742546875 0.6827435421875 0.668927625 0.581149421875 0.7400044359375 0.5945706171875 0.9114855328125