0 0.666594775 0.18131101875 0.76528059375 0.20223152031249997 0.7745905765625001 0.1701534171875 0.685214740625 0.13389121406249999 0.666594775 0.15620641562499998 0.666594775 0.18131101875
0 0.8360364640625001 0.248256625 0.8602424187500001 0.276150628125 0.9514802515625 0.283124128125 0.99616816875 0.284518828125 0.99616816875 0.23849372343750003 0.8732763953125 0.225941421875 0.8323124703125 0.223152021875 0.8360364640625001 0.248256625
0 0.5809429328125 0.24267782499999999 0.5716329499999999 0.283124128125 0.5828049281250001 0.30543933125 0.67031876875 0.3305439328125 0.664732778125 0.26359832656250004 0.6926627265625 0.2580195265625 0.627492846875 0.23849372343750003 0.603286890625 0.23709902343749997 0.5809429328125 0.24267782499999999
0 0.7764525734375 0.31520223125 0.787624553125 0.3528591359375 0.9049303375 0.3542538359375 0.994306171875 0.351464434375 0.9980301656250001 0.287308228125 0.8304504734375 0.28033472812500004 0.7820385625 0.285913528125 0.7764525734375 0.31520223125
0 0.44315518593750003 0.398884240625 0.42081122656250003 0.41004184062500004 0.4189492296875 0.43933054374999997 0.4897051 0.46025104531250005 0.5213590421875 0.46025104531250005 0.49901508281250007 0.43096234375 0.5548749796875 0.4225941421875 0.6796287515625 0.42677824218750005 0.6740427609374999 0.41004184062500004 0.512049059375 0.4142259421875 0.44315518593750003 0.398884240625
0 0.23647356562500002 0.5244072531249999 0.2457835484375 0.5425383546875 0.36867532187499996 0.56903765625 0.3835712953125 0.5146443515625 0.3184014140625 0.4825662484375 0.2662655109375 0.468619246875 0.2476455453125 0.47419804687499995 0.23647356562500002 0.5244072531249999
0 0.31467742187500003 0.465829846875 0.3221254078125 0.4769874484375 0.39101928125 0.5062761499999999 0.43198320625 0.50767085 0.43570719999999996 0.47140864687499995 0.45618916093750006 0.46025104531250005 0.35377935 0.43096234375 0.3239874046875 0.43654114374999997 0.31467742187500003 0.465829846875
0 0.1024098125 0.651324965625 0.07447986250000001 0.6764295671875 0.06703187656250001 0.711297071875 0.16944168906249998 0.7391910734375 0.191785646875 0.7364016734375001 0.1899236515625 0.69177126875 0.2718515 0.68479776875 0.35564134687500004 0.69037656875 0.3593653390625 0.6750348671874999 0.1973716375 0.6722454671875 0.1024098125 0.651324965625
0 0.113581790625 0.8019525796875 0.12475377031249998 0.750348675 0.1675796921875 0.746164575 0.09868581875 0.7280334734375 0.0111719796875 0.7015341703125 0.0055859890624999995 0.7712691765625 0.113581790625 0.8019525796875
0 0.001861996875 0.8661087859375 0.0707558703125 0.8814504875000001 0.076341859375 0.8131101812500001 0.1303397609375 0.8019525796875 0.001861996875 0.778242678125 0.001861996875 0.8661087859375
0 0.6125968734375 0.22036262187500003 0.6256308500000001 0.24407252499999998 0.7373506453124999 0.256624825 0.74479863125 0.20502092031250002 0.6293548437500001 0.17433751718749999 0.6125968734375 0.22036262187500003
0 0.664732778125 0.30822873125 0.681490746875 0.336122734375 0.7690045859375 0.3347280328125 0.78576255625 0.283124128125 0.8416224531250001 0.274755928125 0.82672648125 0.2594142265625 0.7764525734375 0.2608089265625 0.6591467890625 0.2677824265625 0.664732778125 0.30822873125
0 0.763418596875 0.20502092031250002 0.8751383921875 0.21896792187499997 0.8881723671874999 0.21896792187499997 0.8881723671874999 0.1966527203125 0.99616816875 0.2008368203125 0.9924441765625 0.18270571875 0.7932105421875 0.1645746171875 0.763418596875 0.18131101875 0.763418596875 0.20502092031250002
0 0.8136925046875 0.251046025 0.83976045625 0.25523012500000003 0.837898459375 0.22175732187500002 0.748522625 0.2078103203125 0.746660628125 0.24407252499999998 0.8136925046875 0.251046025
0 0.88072438125 0.22175732187500002 0.9924441765625 0.23709902343749997 0.99616816875 0.20223152031249997 0.923550303125 0.19525801874999998 0.8844483750000001 0.1966527203125 0.88072438125 0.22175732187500002
0 0.5250830343749999 0.45467224531249995 0.5995628984375 0.468619246875 0.6051488875000001 0.44211994375 0.64983680625 0.41980474218749997 0.508325065625 0.4253835421875 0.5250830343749999 0.45467224531249995
0 0.41522523749999996 0.48814504843749995 0.4189492296875 0.50767085 0.532531021875 0.5160390515625 0.5567369765625 0.4825662484375 0.627492846875 0.4867503484375 0.6051488875000001 0.465829846875 0.4803951171875 0.46164574687500004 0.43198320625 0.467224546875 0.41522523749999996 0.48814504843749995
0 0.3779853046875 0.56903765625 0.448741175 0.5746164578124999 0.46922313750000005 0.535564853125 0.543703 0.532775453125 0.532531021875 0.5132496515625 0.3779853046875 0.5062761499999999 0.3612273359375 0.55509065625 0.3779853046875 0.56903765625
0 0.1880616546875 0.68758716875 0.191785646875 0.744769875 0.29419545937499997 0.7489539749999999 0.31281542500000004 0.7085076703125 0.331435390625 0.69177126875 0.4803951171875 0.7085076703125 0.46549914374999996 0.68340306875 0.23274957187499998 0.68479776875 0.1880616546875 0.68758716875
0 0.1061338046875 0.7907949796875 0.18433766093749998 0.8089260812499999 0.2104056140625 0.8075313812499999 0.21412960625 0.7670850765624999 0.2271635828125 0.754532775 0.1489597265625 0.7419804734375 0.1061338046875 0.7601115765625 0.1061338046875 0.7907949796875
0 0.0688938734375 0.8577405859375 0.076341859375 0.8828451890625001 0.1675796921875 0.8926080890625 0.17316568125 0.8284518828125 0.1824756640625 0.81171548125 0.08937583593750001 0.8075313812499999 0.0688938734375 0.8577405859375
0 0.5883909187499999 0.45746164531250005 0.6107348781249999 0.4839609484375 0.7001107140625 0.4895397484375 0.8770003875000001 0.49651325 0.8844483750000001 0.468619246875 0.8658284093749999 0.43793584374999994 0.6963867203125 0.4281729421875 0.6125968734375 0.43514644375 0.5883909187499999 0.45746164531250005
0 0.5381170109375 0.528591353125 0.7578326078125001 0.5523012546875 0.8323124703125 0.5536959546875 0.82672648125 0.49372385 0.64983680625 0.49651325 0.569770953125 0.47838214843750004 0.5399790078125 0.4839609484375 0.5381170109375 0.528591353125
0 0.454327165625 0.56345885625 0.45991315468750005 0.592747559375 0.6386648265625 0.6234309625 0.742936634375 0.6220362625 0.7578326078125001 0.5732217578125 0.7392126421875 0.5467224546875 0.487843103125 0.525801953125 0.45991315468750005 0.5397489546875 0.454327165625 0.56345885625
0 0.2681275078125 0.751743375 0.35564134687500004 0.7656903765624999 0.5250830343749999 0.7866108781250001 0.569770953125 0.8103207812500001 0.5828049281250001 0.7280334734375 0.4040532578125 0.7043235703125 0.32584940156250003 0.68200836875 0.2662655109375 0.716875871875 0.2681275078125 0.751743375
0 0.2253015859375 0.81729428125 0.36867532187499996 0.8284518828125 0.5027390765625 0.8605299859375 0.5250830343749999 0.8284518828125 0.5213590421875 0.779637378125 0.2271635828125 0.7489539749999999 0.2085436171875 0.776847978125 0.2253015859375 0.81729428125
0 0.30722943593749996 0.9274755921875 0.4617751515625 0.9177126921875001 0.467361140625 0.850767084375 0.3630893328125 0.8326359828125 0.18433766093749998 0.8242677828125 0.175027678125 0.9023709906249999 0.30722943593749996 0.9274755921875