0 0.72357314375 1 0.7368502375 0.9394036859374999 0.701840109375 0.8837203812500001 0.6674947062500001 0.9373963828124999 0.538503059375 0.91173415 0.531591796875 0.9293006140625 0.57473333125 1 0.72357314375 1
0 0.538041825 0.7193350656249999 0.4112108734375 0.6942937437500001 0.405383659375 0.7366123906250001 0.4496864953125 0.8063717515625 0.6020141171875 0.8419987156250001 0.6411051578125 0.7375463703125 0.61970665625 0.6808864578125 0.5622337 0.6741469203125 0.538041825 0.7193350656249999
0 0.36666509375 0.4468624265625 0.2383233765625 0.43279259999999997 0.2124024546875 0.47422512031249997 0.277017290625 0.559597734375 0.4567839875 0.5917041281250001 0.5086258265625 0.5088390875 0.46691286249999997 0.4202714375 0.408358328125 0.40507420781250003 0.36666509375 0.4468624265625
0 0.0838273984375 0.037538871875000004 0.05446809375 0.250753275 0.24218846562500002 0.27422430468750003 0.2853850640625 0.1725811359375 0.2261682703125 0.0643190765625 0.0838273984375 0.037538871875000004
0 0.40550579062500003 0.11585466874999999 0.36792551093750003 0.209335515625 0.3806812421875 0.2635117859375 0.4617158609375 0.34382663281250003 0.682751553125 0.3861629703125 0.7198977203125 0.2795223546875 0.6734341921875 0.20914208437499998 0.6289155328125 0.14095008125 0.40550579062500003 0.11585466874999999
0 0.7845470640625 0.5930177359375 0.6445361328125 0.5658183078125 0.6287736749999999 0.6313519359375 0.67804783125 0.7139455296875 0.87207855625 0.7729622125 0.9023184015625001 0.716477028125 0.8895528031250001 0.597122825 0.801827678125 0.5653960515625001 0.7845470640625 0.5930177359375
0 0.89716084375 0.900743953125 0.7502337171875 0.8585220234375001 0.7433224578125001 0.8760884875 0.7833039046875 0.9446060265625 0.9419002531249999 0.9999575671875001 0.979701290625 0.937498328125 0.9595952546875001 0.8551397890624999 0.924592521875 0.8483399281249999 0.89716084375 0.900743953125
0 0.9835226703125001 1 0.9848583937500001 0.990299653125 0.967171240625 0.9469326328125 0.9425477203125 0.9952554953125 0.8040475468749999 0.9570845640625001 0.81315284375 1 0.9835226703125001 1
0 0.4892264375 0.8128460750000001 0.47907783593750003 0.8539228968750001 0.5439060234374999 0.92143366875 0.6741926078125 0.9376917609375001 0.7160942718750001 0.845452734375 0.6750337109375 0.78477198125 0.6290116875 0.7764349265625 0.6067671515625 0.840105821875 0.4892264375 0.8128460750000001
0 0.45138349218749996 0.598299096875 0.3344927078125 0.5826317578125 0.3198044328125 0.6077396328125 0.3742632671875 0.685305615625 0.5306964546875 0.7237417640625 0.5922601843749999 0.6355235796875001 0.5470915875 0.5557391609375 0.4859447171875 0.5430557312500001 0.45138349218749996 0.598299096875
0 0.8701336875000001 0.7707739453125 0.7264488375 0.73763061875 0.716300234375 0.77870744375 0.7569316203125 0.8588173937500001 0.8967292 0.9038786640625001 0.9461945171874999 0.821960071875 0.9079371890625 0.7246091906250001 0.8904358203125 0.7212092609375 0.8701336875000001 0.7707739453125
0 0.6758378281249999 0.3874349546875 0.54230896875 0.36209825625000003 0.5140164687500001 0.4370661921875 0.5907346265625 0.5487281765625001 0.7797940359375 0.5949106296875 0.81802178125 0.4967277109375 0.7527545531250001 0.3834682046875 0.69225515 0.36608270468750004 0.6758378281249999 0.3874349546875
0 0.18668256562500002 0.41632338593749996 0.36623344687500003 0.44999713750000003 0.438166528125 0.351723740625 0.3750649234375 0.27167410937500003 0.2607640140625 0.237198484375 0.17261710624999999 0.27378435625 0.11688305937500001 0.3359783828125 0.18668256562500002 0.41632338593749996