0 0.8524633890625 0.288702928125 0.8555151671875001 0.3695955375 0.907395396875 0.3793584375 0.9165507328125001 0.3556485359375 0.9063781375 0.211994421875 0.8880674687500001 0.1032078109375 0.8433080546875 0.10041840937499999 0.8524633890625 0.288702928125
0 0.721236925 0.3012552296875 0.71309885 0.3835425390625 0.7802379703125 0.3849372390625 0.794479603125 0.3347280328125 0.7822724890625 0.18410041875 0.7802379703125 0.11715481093749999 0.712081590625 0.1255230125 0.721236925 0.3012552296875
0 0.6022175734374999 0.24407252499999998 0.5991657953125 0.3723849375 0.65308054375 0.3793584375 0.66121861875 0.25523012500000003 0.6510460250000001 0.12273361249999999 0.5991657953125 0.11994421250000001 0.6022175734374999 0.24407252499999998
0 0.494388075 0.160390515625 0.5065951890625 0.16596931718750002 0.5289748953125 0.253835425 0.5360957109375 0.2942817296875 0.48624999999999996 0.31659693125 0.48014644375 0.3723849375 0.549320084375 0.3682008375 0.55440638125 0.18828451875000002 0.5564409 0.1143654109375 0.503543409375 0.1143654109375 0.494388075 0.160390515625
0 0.3448509421875 0.1436541140625 0.3417991625 0.2608089265625 0.3458682015625 0.31659693125 0.35502353593749997 0.341701534375 0.4119900625 0.341701534375 0.43436977031249996 0.1994421203125 0.4435251046875 0.10041840937499999 0.42114539687499997 0.0432357046875 0.35807531406250004 0.032078103125 0.3448509421875 0.1436541140625
0 0.17903765625 0.1673640171875 0.181072175 0.287308228125 0.1861584734375 0.32635983281250003 0.1993828453125 0.3723849375 0.2756773015625 0.35983263593750003 0.262452928125 0.2984658296875 0.26143566875 0.1422594140625 0.2644874484375 0.036262203124999996 0.1861584734375 0.040446304687500004 0.17903765625 0.1673640171875
0 0.1088467578125 0.464435146875 0.1291919453125 0.6220362625 0.153606171875 0.68340306875 0.173951359375 0.6792189671875 0.1922620296875 0.6708507671875 0.16479602499999998 0.45746164531250005 0.161744246875 0.39330543906250004 0.11088127656249999 0.4225941421875 0.1088467578125 0.464435146875
0 0.2166762546875 0.401673640625 0.22379707187500003 0.6011157593750001 0.23600418437499998 0.6708507671875 0.306195084375 0.656903765625 0.2970397484375 0.470013946875 0.2909361921875 0.39191073906249996 0.3011087859375 0.3682008375 0.23803870312500003 0.3737796375 0.2166762546875 0.401673640625
0 0.3631616109375 0.43375174375 0.3611270921875 0.6136680609375 0.3590925734375 0.6694560671875001 0.42114539687499997 0.649930265625 0.4160591 0.4853556484375 0.415041840625 0.3891213390625 0.407921025 0.3626220359375 0.3590925734375 0.3626220359375 0.3631616109375 0.43375174375
0 0.4740428875 0.49930265 0.4740428875 0.661087865625 0.5381302296875 0.655509065625 0.5310094140625 0.45606694531249997 0.5320266734375 0.3737796375 0.4740428875 0.3695955375 0.4740428875 0.49930265
0 0.5961140171875 0.651324965625 0.6378216531249999 0.649930265625 0.662235878125 0.598326359375 0.662235878125 0.42398884218750005 0.6581668406250001 0.3793584375 0.6001830546875 0.3751743375 0.5971312765625 0.5118549515625 0.5961140171875 0.651324965625
0 0.15462343125 0.7698744765625001 0.163778765625 0.8716875875 0.2095554390625 0.8730822874999999 0.260418409375 0.8284518828125 0.24821129687500001 0.7043235703125 0.22684885000000002 0.6736401671875 0.182089434375 0.69037656875 0.15462343125 0.7698744765625001
0 0.328574790625 0.9023709906249999 0.394696653125 0.9093444906249999 0.386558578125 0.6722454671875 0.321453975 0.6638772656249999 0.326540271875 0.8200836812500001 0.328574790625 0.9023709906249999
0 0.45471495781250004 0.9093444906249999 0.5228713390624999 0.906555090625 0.5147332640625 0.68898186875 0.5157505234374999 0.6652719671875 0.4425078453125 0.6792189671875 0.4526804390625 0.8019525796875 0.45471495781250004 0.9093444906249999
0 0.581872384375 0.910739190625 0.6469769875 0.910739190625 0.639856171875 0.754532775 0.634769875 0.68340306875 0.6256145390625 0.659693165625 0.6022175734374999 0.6582984656249999 0.57271705 0.6638772656249999 0.581872384375 0.910739190625
0 0.656132321875 0.2398884234375 0.65308054375 0.3709902375 0.71309885 0.3849372390625 0.720219665625 0.2998605296875 0.7100470718749999 0.11715481093749999 0.64901150625 0.11854951250000001 0.656132321875 0.2398884234375
0 0.66121861875 0.6080892609374999 0.6785120296875 0.5857740578125 0.7171678874999999 0.6290097625 0.7171678874999999 0.49651325 0.720219665625 0.3891213390625 0.668339434375 0.3849372390625 0.6551150625 0.49232915000000005 0.66121861875 0.6080892609374999
0 0.6469769875 0.9135285906249999 0.7080125515625 0.9121338906249999 0.7090298109375001 0.6708507671875 0.6795292890625 0.7099023703125 0.6378216531249999 0.68061366875 0.6439252093750001 0.81171548125 0.6469769875 0.9135285906249999
0 0.5147332640625 0.7991631796875 0.5208368203125 0.910739190625 0.583906903125 0.9079497906249999 0.577803346875 0.785216178125 0.57068253125 0.661087865625 0.5157505234374999 0.6680613671875 0.5147332640625 0.7991631796875
0 0.39062761562500004 0.7838214781249999 0.39266213437499997 0.9149232921875001 0.45471495781250004 0.9079497906249999 0.4455596234375 0.6694560671875001 0.388593096875 0.6694560671875001 0.39062761562500004 0.7838214781249999
0 0.5371129703124999 0.532775453125 0.5371129703124999 0.648535565625 0.6001830546875 0.6527196656250001 0.6001830546875 0.4839609484375 0.5930622390625 0.3723849375 0.5350784515625 0.3779637375 0.5371129703124999 0.532775453125
0 0.415041840625 0.465829846875 0.41402458124999997 0.659693165625 0.4740428875 0.6666666671875 0.478111925 0.5188284515625 0.47200836874999996 0.3584379359375 0.413007321875 0.3654114359375 0.415041840625 0.465829846875
0 0.2929707109375 0.3960948390625 0.2970397484375 0.5509065546875 0.304160565625 0.6582984656249999 0.3662133890625 0.6638772656249999 0.3590925734375 0.3654114359375 0.3021260453125 0.3640167359375 0.2929707109375 0.3960948390625
0 0.165813284375 0.411436540625 0.175985878125 0.5815899578125 0.1892102515625 0.6652719671875 0.23091788750000003 0.6694560671875001 0.2207452921875 0.4769874484375 0.21972803281250003 0.3905160390625 0.23091788750000003 0.3709902375 0.1902275109375 0.3654114359375 0.165813284375 0.411436540625
0 0.55033734375 0.2594142265625 0.5442337859374999 0.3668061359375 0.5981485359375001 0.3779637375 0.6032348328125 0.246861925 0.5961140171875 0.11854951250000001 0.5564409 0.11576011093750001 0.55033734375 0.2594142265625
0 0.4292834734375 0.2092050203125 0.41707635937500004 0.3570432359375 0.48014644375 0.3695955375 0.487267259375 0.30962343125 0.47200836874999996 0.3012552296875 0.4455596234375 0.18828451875000002 0.495405334375 0.1729428171875 0.50252615 0.10460251093749999 0.44861140156249996 0.1018131109375 0.4292834734375 0.2092050203125
0 0.794479603125 0.30962343125 0.790410565625 0.3807531375 0.8565324265625 0.3737796375 0.8616187234374999 0.3347280328125 0.8412735359375001 0.1073919109375 0.7782034515625 0.11018131093750001 0.794479603125 0.30962343125
0 0.1271574265625 0.8131101812500001 0.1322437234375 0.8856345890625 0.16479602499999998 0.8884239890625001 0.163778765625 0.8033472796875 0.163778765625 0.7280334734375 0.1983655859375 0.6694560671875001 0.17191684062499998 0.68479776875 0.1281746859375 0.7433751749999999 0.1271574265625 0.8131101812500001
0 0.262452928125 0.0725244078125 0.256349371875 0.22175732187500002 0.25736663125 0.3026499296875 0.2766945609375 0.3556485359375 0.3560407953125 0.3542538359375 0.337730125 0.288702928125 0.3499372390625 0.06555090625 0.3529890171875 0.0460251046875 0.2726255234375 0.026499303125000002 0.262452928125 0.0725244078125
0 0.10477772031249999 0.07810320781249999 0.10070868125000002 0.1464435140625 0.1159675734375 0.2663877265625 0.1352955015625 0.3640167359375 0.1942965484375 0.3584379359375 0.180054915625 0.284518828125 0.178020396875 0.12133891249999999 0.1851412140625 0.0516039046875 0.1902275109375 0.037656903125 0.178020396875 0.032078103125 0.1261401671875 0.050209204687499995 0.10477772031249999 0.07810320781249999