0 0.2611596765625 0.23730235937500002 0.253168534375 0.2106167390625 0.2272102828125 0.1886436359375 0.1482489953125 0.235577290625 0.16788740625 0.2688018578125 0.2611596765625 0.23730235937500002
0 0.040662275 0.365960475 0.095256328125 0.35628817343749997 0.11088879375 0.3243658 0.1066686546875 0.297330690625 0.0660755328125 0.3041401453125 0.034517534375 0.3106578078125 0.040662275 0.365960475
0 0.3897287515625 0.3366153765625 0.3674266265625 0.294495603125 0.343024803125 0.29066240468750004 0.31895724375 0.29441662343749997 0.2591800390625 0.321288178125 0.28923836718749996 0.3245971453125 0.3048915765625 0.39628303125 0.38551898281249997 0.3613843984375 0.3897287515625 0.3366153765625
0 0.1267562015625 0.35793985781250004 0.0410862984375 0.36977668750000003 0.0494458046875 0.445012246875 0.0748656359375 0.44350397656249996 0.1932082484375 0.4310125125 0.192534540625 0.38993561250000003 0.17755503749999998 0.359326625 0.1267562015625 0.35793985781250004
0 0.5103222421875 0.48694897031249995 0.4970192296875 0.520179134375 0.5290727515625 0.5172084703125 0.5940624999999999 0.488330146875 0.5828540015625 0.45737166875 0.55667636875 0.44760833125 0.491796309375 0.4703817734375 0.3264258578125 0.48113698281249995 0.3260967828125 0.4994516296875 0.451093496875 0.48329611406249995 0.5103222421875 0.48694897031249995
0 0.7786274046874999 0.50931696875 0.7579965859375 0.5051342828125 0.7096420828125 0.524852484375 0.65386045 0.5650668484375 0.6862585984375 0.62148773125 0.802266575 0.5817864125 0.805922696875 0.5616397375 0.7786274046874999 0.50931696875
0 0.7040952703125 0.5192718375 0.708085653125 0.50671258125 0.6893351515624999 0.47645308281250004 0.6573913234375001 0.47331886562500003 0.5630117671875 0.5140630609375 0.5873038937499999 0.52400114375 0.602617659375 0.5621975453125 0.6436547296875 0.5568706234375 0.7040952703125 0.5192718375
0 1 0.69585814375 0.982078440625 0.6839687328124999 0.8925771687499999 0.71511874375 0.729426484375 0.7332866234375001 0.7380809625 0.7492450078124999 0.8211527000000001 0.7354513484375 0.9063345093749999 0.7351752453125 0.9186554796875 0.7827910890625 0.9421693984375 0.7836592203125 1 0.7597144671875 1 0.69585814375
0 0.3282698703125 0.2737457171875 0.29664993125 0.2263947875 0.189515821875 0.269844728125 0.21348406406249998 0.3239995234375 0.3226185546875 0.30017201875 0.3282698703125 0.2737457171875
0 0.2953543796875 0.4032616375 0.303444840625 0.37203824218750003 0.2962267265625 0.32852051250000003 0.17522039843749998 0.3321167703125 0.1238679203125 0.3353523515625 0.11366738437499999 0.3530581859375 0.1728961296875 0.35671104531250003 0.2062918765625 0.409992115625 0.2953543796875 0.4032616375
0 0.170660809375 0.2715921796875 0.1631136203125 0.246389096875 0.12761817656250002 0.2313946015625 0.027858126562500002 0.2507231453125 0.0306546296875 0.275891671875 0.041668528125 0.274404884375 0.048771765625000005 0.29812543593749996 0.061970271875 0.29690222187500004 0.170660809375 0.2715921796875
0 0.1344027109375 0.3252339296875 0.2000609859375 0.311530440625 0.18663272343749998 0.2731592890625 0.100568196875 0.2963723875 0.1093375515625 0.3321279640625 0.1344027109375 0.3252339296875
0 0.03401451875 0.3061306734375 0.057201671875000006 0.300391521875 0.045439524999999995 0.27405539375 0.0305410234375 0.2748692078125 0.03401451875 0.3061306734375
0 0.4914724171875 0.5145984875 0.49911892656249995 0.48189255937500003 0.3540450390625 0.4892430359375 0.40640030312500003 0.5087697109375 0.42049190156250005 0.536413628125 0.4914724171875 0.5145984875
0 0.6158161640625 0.5609743296875 0.6133718359375 0.5398693609375 0.5897430406249999 0.51920405 0.538944203125 0.517817278125 0.41394749375 0.5339727921875 0.39798076718750003 0.558307746875 0.4682979453125 0.5472198359375 0.5034643171875001 0.5805289765625 0.6158161640625 0.5609743296875
0 0.6893610812500001 0.6059634093749999 0.6568532390625 0.5556474078125 0.502576415625 0.5775639124999999 0.49747874062499997 0.599367859375 0.573786684375 0.59534313125 0.6069578640625 0.6349319 0.6768310953125 0.6223614546875 0.6893610812500001 0.6059634093749999
0 0.9213191937499999 0.7916862953125 0.9068881531249999 0.730552896875 0.8607482234375 0.7317817062499999 0.624616640625 0.7521422906249999 0.6175237734375 0.7802258703125 0.763036428125 0.7484558609375 0.7872188703125 0.764498825 0.8189484968749999 0.8057448687500001 0.9213191937499999 0.7916862953125
0 1 0.7959402875 0.963797815625 0.78470209375 0.88860234375 0.8053841921875 0.9057964203125 0.8175037875 0.9224420421874999 0.8601477953125001 0.9492830124999999 0.8591839 1 0.8408006453124999 1 0.7959402875
0 1 0.855172984375 0.9520564171875 0.861974225 0.9668113515625001 0.8788909125 0.9928896625 0.946563259375 1 0.9450548734374999 1 0.855172984375
0 0.4140623703125 0.5537699765624999 0.4282532875 0.5235048812499999 0.39663853437499996 0.5020560171875 0.309571225 0.5025068671875 0.1410983015625 0.5287864 0.13201023750000002 0.5631496031250001 0.14843129375 0.5921013125 0.32533413125 0.5680878703125 0.4140623703125 0.5537699765624999
0 0.4857114109375 0.54712966875 0.45376758281249996 0.5439954484375 0.378462421875 0.5707824296874999 0.1984519171875 0.5844181296875 0.21188536406249997 0.6486913421875 0.2868614515625 0.6402190125 0.5018033875000001 0.594396021875 0.4857114109375 0.54712966875
0 0.6014162390625 0.6552533203124999 0.5977497421875 0.6235958625 0.5845460484375 0.5989170109375 0.551824009375 0.586712840625 0.30394065625 0.632541425 0.2935207375 0.662457028125 0.3241430796875 0.7129477718749999 0.430175090625 0.7046445890624999 0.6014162390625 0.6552533203124999
0 0.762054390625 0.82930186875 0.8462334171875 0.8062635109375 0.8370201078124999 0.7690254078125001 0.7655852640624999 0.7375538828125 0.693497459375 0.7686137234375 0.5200365484375 0.81059231875 0.559428246875 0.8968386374999999 0.5971330796875 0.867441675 0.762054390625 0.82930186875
0 0.914560590625 0.8273572921874999 0.886826534375 0.79945405 0.598684321875 0.8596795125 0.6104516515625 0.91191770625 0.6432885671874999 0.94391905625 0.7688337390625 0.8972391312499999 0.9104656999999999 0.8719234953124999 0.914560590625 0.8273572921874999
0 0.7361829531249999 1 0.8625758953125 0.9967324921875 0.988455321875 0.957639978125 0.9541664875 0.8754917796875 0.7758220984374999 0.9011625015625 0.6760054249999999 0.9302211640625 0.7026438749999999 1 0.7361829531249999 1