0 0.6080761031249999 0.46164574687500004 0.66732454375 0.46164574687500004 0.6891529171874999 0.49651325 0.725013815625 0.43514644375 0.7172179671875 0.3626220359375 0.5971619171875 0.3640167359375 0.6080761031249999 0.46164574687500004
0 0.2868871875 0.277545328125 0.2775321703125 0.32635983281250003 0.3118338984375 0.32635983281250003 0.3492539671875 0.246861925 0.20892871249999997 0.18828451875000002 0.177745321875 0.22175732187500002 0.2868871875 0.277545328125
0 0.21048788125 0.345885634375 0.19801452656250002 0.3821478375 0.24478961093749999 0.3668061359375 0.2790913390625 0.277545328125 0.151239440625 0.22036262187500003 0.1169377125 0.27894002812499996 0.21048788125 0.345885634375
0 0.11070103437500001 0.44072524375000005 0.1746269828125 0.408647140625 0.1995736953125 0.347280334375 0.1075826953125 0.2942817296875 0.11070103437500001 0.44072524375000005
0 0.2510262890625 0.592747559375 0.2915646953125 0.6401673640625 0.333662271875 0.6373779640625 0.41006157656250003 0.5704323578125 0.49581590000000003 0.6136680609375 0.5145259328125 0.5732217578125 0.47866503437499996 0.49651325 0.5051709171875001 0.49093444843749995 0.4474816453125 0.470013946875 0.29936054375 0.47838214843750004 0.2510262890625 0.592747559375
0 0.24323044062500002 0.722454671875 0.3508131359375 0.8061366812499999 0.3882332046875 0.8242677828125 0.45839583125 0.7712691765625 0.48490171249999997 0.6708507671875 0.555064340625 0.6722454671875 0.5472684921875001 0.656903765625 0.411620746875 0.5732217578125 0.29936054375 0.6638772656249999 0.24323044062500002 0.722454671875
0 0.5987210859375 0.7391910734375 0.69227125625 0.8633193859375 0.7281321546874999 0.9470013953124999 0.790498934375 0.9470013953124999 0.9136733250000001 0.8312412828125 0.9121141546875 0.7921896796875 0.82324149375 0.7015341703125 0.7671113921875 0.7001394703125 0.73125049375 0.6373779640625 0.665765375 0.68898186875 0.5987210859375 0.7391910734375
0 0.7686705609375 0.69316596875 0.82324149375 0.6959553703125 0.8746940875 0.7419804734375 0.9931909687499999 0.750348675 1 0.6136680609375 0.9713625953125 0.5578800562499999 0.8341556796875 0.5439330546875001 0.7827030875000001 0.5760111578125 0.7546380359375 0.56903765625 0.7437238500000001 0.5913528593749999 0.7437238500000001 0.6582984656249999 0.7686705609375 0.69316596875
0 0.67823873125 0.49372385 0.74528301875 0.56485355625 0.78426225625 0.5801952578125 0.8544248828125 0.532775453125 0.8996407984375001 0.49511855000000005 0.9027591375 0.4490934453125 0.7717889 0.40027894062499997 0.698507934375 0.49093444843749995 0.67823873125 0.49372385
0 0.425653271875 0.463040446875 0.49737506875 0.4867503484375 0.5129667640625 0.49093444843749995 0.4490408140625 0.40306834062499997 0.45683666250000005 0.3891213390625 0.5004934078125001 0.4253835421875 0.48490171249999997 0.3835425390625 0.502052578125 0.3626220359375 0.3897923734375 0.412831240625 0.425653271875 0.463040446875
0 0.45839583125 0.7712691765625 0.3944698828125 0.8856345890625 0.49425672968749995 0.9288702921875001 0.61431278125 0.9428172937499999 0.659528696875 0.8270571828125 0.594043578125 0.7364016734375001 0.66732454375 0.68758716875 0.516085103125 0.6750348671874999 0.48334254374999996 0.68061366875 0.45839583125 0.7712691765625