0 0.1965750546875 0.6226428765625001 0.25282570625 0.5294989515624999 0.30292211875 0.4383731078125 0.23665840781249997 0.40422776875000005 0.18876875312500002 0.48686135 0.12539177031249998 0.5599326171875 0.1965750546875 0.6226428765625001
0 0.4481544921875 0.4511051421875 0.4174128546875 0.42025116406249996 0.25621665 0.3114629828125 0.21651930937500002 0.3684030671875 0.24946770625 0.39076478125 0.3782859015625 0.49582819375 0.436451190625 0.487810134375 0.45595032968749993 0.4769341234375 0.4481544921875 0.4511051421875
0 0.3011309203125 0.24444596093749998 0.46727624843750004 0.340854675 0.523626015625 0.2348301296875 0.326843403125 0.149663090625 0.294133259375 0.1705482953125 0.2794893546875 0.23690173125 0.3011309203125 0.24444596093749998
0 0.3138186203125 0.710586271875 0.358639003125 0.71142614375 0.3734220390625 0.7012002453124999 0.3596058640625 0.6785406109375 0.43127427812499997 0.5668952265625 0.4622089171875 0.51701169375 0.44300713125 0.48924584531250004 0.36517401718750003 0.49295676562499996 0.33109530625 0.5432737078125001 0.2595955796875 0.670102240625 0.2819414375 0.6974346796875001 0.3138186203125 0.710586271875
0 0.6692723968750001 0.7317705250000001 0.6830833390625 0.6994538875 0.6482307734375 0.701918853125 0.6181934265625 0.690853084375 0.44354796875 0.548827178125 0.40348370468750006 0.6163453515625 0.5245756296875 0.72364355 0.5615062890625 0.7665113296875 0.6191707531249999 0.767920096875 0.6692723968750001 0.7317705250000001
0 0.5070936359375 0.49093906093750006 0.55710139375 0.5226463796874999 0.5890081281249999 0.4948535859375 0.6325833828125 0.41632391562500004 0.675454346875 0.318006034375 0.7397390890625 0.2939380078125 0.6886253328125 0.2389886828125 0.6220642671875 0.24348520156250003 0.603368534375 0.26126880468749997 0.5845441328125001 0.33287741249999997 0.5398976656250001 0.40219696406249994 0.48581899218749997 0.472816740625 0.5070936359375 0.49093906093750006
0 0.24845743437499998 0.6704679046875001 0.29053022031250003 0.6202187078125 0.370024025 0.49345791875 0.29770519375000004 0.44845004375 0.26834258437499997 0.4981168734375 0.18985042968750002 0.6060240140625 0.24845743437499998 0.6704679046875001
0 0.2732707828125 0.2658323171875 0.23494200781250002 0.2933406625 0.30438457343750003 0.341084478125 0.41925269218750005 0.42233698906250006 0.4678118546875 0.345459734375 0.418339703125 0.318357475 0.278319025 0.24057223125 0.2732707828125 0.2658323171875
0 0.552439159375 0.38643144375 0.6014295781250001 0.2720635984375 0.6641075015625 0.2341803921875 0.6073751171875 0.18585421093750001 0.5473699921875 0.19178644218750002 0.5312183874999999 0.231444078125 0.4947346828125 0.316014521875 0.4171450515625 0.4179486328125 0.4434383875 0.4517552546875 0.49538510156250004 0.47266778125000003 0.552439159375 0.38643144375
0 0.5273632421875 0.843740778125 0.6054241453125 0.7733242296875 0.5879978593749999 0.7745567125 0.5475909953125 0.756732315625 0.49109162812499996 0.6966767765624999 0.3998388140625 0.6262055859375 0.377195603125 0.63751500625 0.3541211359375 0.6863150171875 0.4156044078125 0.7480229703125 0.48070302187499997 0.84081508125 0.5273632421875 0.843740778125
0 0.6063857734375 0.685462425 0.648096871875 0.7007675859375 0.684923178125 0.7015397140624999 0.7253543625 0.62344345 0.726489909375 0.605741065625 0.6781880874999999 0.57496830625 0.654741465625 0.5793701375 0.5867718187500001 0.5442902390625 0.4819062953125 0.48037444375 0.44026999843750003 0.5481093218749999 0.517071915625 0.6041964375 0.6063857734375 0.685462425
0 0.70828976875 0.559121571875 0.7705607546875 0.46280829843750004 0.8075105 0.35477914374999997 0.7537535 0.2908364046875 0.6765898921875 0.30030365 0.658534115625 0.3647879625 0.6336545953125 0.42553403593750005 0.5698115734375 0.5220640125 0.6330999015625001 0.57182590625 0.6894601328125 0.5757539078125 0.70828976875 0.559121571875