0 0.0855202234375 0.0013947 0.0046478375 0.12133891249999999 0.011154810937499999 0.18131101875 0.086449790625 0.253835425 0.1505899578125 0.29567642968749996 0.18777266406249998 0.253835425 0.2556311015625 0.1366806140625 0.254701534375 0.0711297078125 0.1645334734375 0.0055788 0.0855202234375 0.0013947
0 0.3457991625 0.0725244078125 0.343940028125 0.1380753140625 0.3718270578125 0.29567642968749996 0.38298186875 0.31101813125 0.43503765625 0.29567642968749996 0.564247559375 0.27196652656250003 0.5670362625 0.2092050203125 0.5345013953125 0.06276150625 0.52427615 0.023709903125 0.5056847984374999 0.023709903125 0.3969253828125 0.059972106250000004 0.3457991625 0.0725244078125
0 0.6181624828125 0.0850767078125 0.621880753125 0.18410041875 0.616303346875 0.26359832656250004 0.6200216171874999 0.31520223125 0.6953165968749999 0.31241283124999997 0.7650341703125 0.3221757328125 0.8180195265625001 0.2914923296875 0.8198786609375001 0.1073919109375 0.8198786609375001 0.06834030625000001 0.8003577406250001 0.05299860468749999 0.7232036265625 0.05857740625 0.6627817296875 0.05299860468749999 0.62466945625 0.05299860468749999 0.6181624828125 0.0850767078125
0 0.4052914921875 0.31799163125 0.3978549515625 0.3807531375 0.374615759375 0.5397489546875 0.3764748953125 0.587168759375 0.4870934453125 0.6122733609375001 0.5754023703125 0.6304044625 0.6023598328124999 0.6220362625 0.611655509375 0.5955369593750001 0.61909205 0.48814504843749995 0.6274581593749999 0.41004184062500004 0.6302468625000001 0.3528591359375 0.611655509375 0.3305439328125 0.569824965625 0.3221757328125 0.499177825 0.30962343125 0.43503765625 0.2970711296875 0.4052914921875 0.31799163125
0 0.10504114375 0.3668061359375 0.10968898125 0.412831240625 0.1143368203125 0.43375174375 0.1794065546875 0.5453277546875 0.20822315156250001 0.5829846578125 0.23425104531250002 0.5801952578125 0.2686450484375 0.5509065546875 0.36810878593749996 0.4490934453125 0.374615759375 0.4281729421875 0.3662496515625 0.3612273359375 0.2742224546875 0.24546722499999998 0.259349371875 0.2343096234375 0.2398284515625 0.2329149234375 0.1357168765625 0.32914923281249997 0.10504114375 0.3668061359375
0 0.0018591359375000002 0.8061366812499999 0.060421896875000006 0.778242678125 0.1357168765625 0.7587168765625 0.1515195265625 0.7294281734375 0.14315341718750002 0.7001394703125 0.128280334375 0.5913528593749999 0.1189846578125 0.49930265 0.10597071093749999 0.468619246875 0.0771541140625 0.46164574687500004 0.0018591359375000002 0.4839609484375 0.0018591359375000002 0.8061366812499999
0 0.2537719671875 0.7670850765624999 0.22960320781250002 0.8842398890625001 0.24354672187499998 0.9358437937499999 0.309546025 0.9567642953125001 0.411798465625 0.9790794984375 0.4499107390625 0.9874476984375 0.4787273359375 0.960948396875 0.48988214843750005 0.8730822874999999 0.511262203125 0.725244071875 0.50940306875 0.6750348671874999 0.49360041875 0.6527196656250001 0.3839114359375 0.6248256624999999 0.293743375 0.6192468625 0.27701115781249996 0.6359832640625 0.2537719671875 0.7670850765624999
0 0.5791206421874999 0.7894002796875 0.5633179921875 0.843793584375 0.5633179921875 0.8953974890625 0.5763319390625 0.9163179921875001 0.621880753125 0.93444909375 0.6665 0.965132496875 0.706471409375 0.9874476984375 0.7817663875 0.9888423984375001 0.8152308234375001 0.8479776843750001 0.8412587171875 0.781032078125 0.8440474203124999 0.721059971875 0.8282447703125 0.6959553703125 0.7101896796875 0.6345885640625 0.647908646875 0.6066945609375 0.632105996875 0.6136680609375 0.62931729375 0.6429567640625 0.5791206421874999 0.7894002796875
0 0.6618521625 0.4532775453125 0.6618521625 0.468619246875 0.73993584375 0.599721059375 0.7752594140625 0.6471408640625 0.7947803343750001 0.6443514640625 0.88215969375 0.5718270578125 0.9249198046875 0.5244072531249999 0.9332859140625 0.47140864687499995 0.894244071875 0.3974895390625 0.836610878125 0.31380753125 0.8152308234375001 0.2928870296875 0.7417949796875 0.32635983281250003 0.7371471406250001 0.337517434375 0.669288703125 0.40446304062499994 0.6618521625 0.4532775453125
0 0.8970327749999999 0.0460251046875 0.8970327749999999 0.092050209375 0.9035397484375001 0.22175732187500002 0.9100467218749999 0.249651325 0.9490885640625001 0.27196652656250003 0.9974260812500001 0.2733612265625 0.9964965125 0.012552301562500002 0.9146945609375001 0.0069735000000000005 0.8970327749999999 0.0460251046875
0 0.9193423984375 0.3723849375 0.9435111578125 0.46164574687500004 0.968609484375 0.5509065546875 0.9983556484375 0.6052998609375 0.9983556484375 0.3040446296875 0.9314267781250001 0.336122734375 0.9193423984375 0.3723849375
0 0.0009295671875 1 0.217518828125 0.9916317984375 0.21380055781250001 0.93863319375 0.12549163125 0.8563458859375 0.0557740578125 0.7949790796875 0.0381122734375 0.7963737796875 0.0018591359375000002 0.8465829843750001 0.0009295671875 1
0 0.8245264999999999 0.9986053 0.9983556484375 0.9986053 0.9983556484375 0.9818688984374999 0.9249198046875 0.903765690625 0.90261018125 0.8870292890625 0.8905258015624999 0.8856345890625 0.853343096875 0.94421199375 0.8245264999999999 0.9986053
0 0.899821478125 0.6736401671875 0.9044693171875 0.721059971875 0.90725801875 0.8423988843749999 0.9119058578124999 0.8870292890625 0.9611729421874999 0.93723849375 0.9983556484375 0.93863319375 0.9955669453124999 0.6066945609375 0.9425815906249999 0.596931659375 0.910976290625 0.6094839609375 0.899821478125 0.6736401671875
0 0.0018591359375000002 0.468619246875 0.05205578749999999 0.45746164531250005 0.0594923296875 0.42119944218749994 0.054844490625 0.3751743375 0.060421896875000006 0.2733612265625 0.054844490625 0.23849372343750003 0.039041840625000004 0.2064156203125 0.0009295671875 0.20502092031250002 0.0018591359375000002 0.468619246875