0 0.6395001546875 0.1444479640625 0.6877029765625 0.1759100453125 0.8163055671875 0.22766864843749998 0.8814320875 0.217642775 0.9308901546874999 0.11817636093749999 0.9231697828125001 0.054721323437500004 0.9202307 0.0379441046875 0.9115507421875 0.0337611390625 0.703248540625 0.026046242187500002 0.6699127515625001 0.07435776875 0.6395001546875 0.1444479640625
0 0.9727304890624999 0.4626154953125 0.917516834375 0.358640678125 0.896037825 0.3091401484375 0.8304216656250001 0.31637100625 0.678344865625 0.3661859609375 0.665022846875 0.379494459375 0.6894433546875 0.429539675 0.7357454078125001 0.555752725 0.7987464953125001 0.549840525 0.9388940828125 0.496915159375 0.9759947500000001 0.4812489390625 0.9727304890624999 0.4626154953125
0 0.9445479109375 0.7891303390625 0.983443921875 0.7837125140625 0.9952970234375 0.7620189671875 0.9761937656249999 0.6854641453125 0.9711414890625001 0.6241314734375 0.964449753125 0.5859329109375 0.9313569671874999 0.5838615609375 0.8333806453125 0.6013263015625 0.7532202 0.6067654078125 0.7024747515625 0.6176513640625 0.718473296875 0.6927298296875 0.7209902734375 0.7639597031250001 0.760854571875 0.8128081609375 0.9445479109375 0.7891303390625
0 0.38069414375 0.61666066875 0.39376218125 0.6425182031250001 0.421788034375 0.648158546875 0.5300577703125 0.6407129078125 0.6093187125 0.6382623125 0.6667632265625001 0.6331240874999999 0.6857252578125 0.61139474375 0.6867155281249999 0.5683085296875 0.686813625 0.49575999687500005 0.6880542125 0.4297331671875 0.6619942453125 0.40282206093750006 0.59817709375 0.40407590000000004 0.43573443125000005 0.402842375 0.3888299875 0.411284503125 0.38324776250000003 0.5256363875 0.38069414375 0.61666066875
0 0.4060149953125 0.2981796859375 0.5248862546875 0.383743578125 0.5468658953125 0.387362878125 0.6120758546875 0.3696901328125 0.7112166531249999 0.2613946015625 0.719718390625 0.244939896875 0.7176800578125 0.22518128593750003 0.6035493093750001 0.1341850578125 0.5606564078125 0.108664203125 0.5156307453125 0.11970785625 0.4956096625 0.1272686234375 0.3959031140625 0.2079651765625 0.36345584999999997 0.2420713453125 0.3708041046875 0.2677711828125 0.4060149953125 0.2981796859375
0 0.10495962343750001 0.066199096875 0.1430249125 0.12102457343749999 0.17569317812500002 0.193781115625 0.20763980937499998 0.20555617656249997 0.23534290000000002 0.1931077578125 0.34108466718749997 0.16310849375 0.43113599375 0.1410211890625 0.45941216249999994 0.12372091562500001 0.46129827343749996 0.09387160781250001 0.425851721875 0.021502053125 0.10495962343750001 0.066199096875
0 0.0344930265625 0.565624759375 0.123967609375 0.5646147234375001 0.274970696875 0.5655328546875 0.3246534296875 0.5567037390625 0.3441050984375 0.5377694109375 0.352628821875 0.42396221093750003 0.34235372656249996 0.3328160265625 0.32274617499999997 0.3183678515625 0.1880863796875 0.3132644515625 0.067154803125 0.30529444375 0.018204696875000002 0.3264287953125 0.0089556765625 0.3954799296875 0.004682821875 0.501059775 0.0030396984375 0.5404193 0.0344930265625 0.565624759375
0 0.08602156093749999 0.70542590625 0.0632946359375 0.754403034375 0.0480865046875 0.797560840625 0.059917620312499996 0.8732197875000001 0.2060967640625 0.8872171265625 0.27734560625000004 0.9040162515624999 0.33756840625 0.8984910390625 0.3597983640625 0.879169725 0.4001926078125 0.7523336265625 0.41704019687500005 0.6860417125 0.4073198578125 0.671170753125 0.3776582109375 0.672439103125 0.222984659375 0.6424456390625 0.16603345 0.6341534640625001 0.1146351484375 0.64131273125 0.0960829828125 0.65725855 0.08602156093749999 0.70542590625
0 0.547637146875 0.9522639156249999 0.6018935078125 0.9532962062499999 0.6686631546874999 0.9039108062500001 0.741892540625 0.8345375046875001 0.7589757890625 0.8102066375 0.7127425171875 0.7412483765625 0.7008133062499999 0.7381379671875 0.622219875 0.6794135906250001 0.5722941546875 0.6787324906250001 0.5570135781250001 0.6808609203125 0.44014400781249996 0.777309796875 0.3991152328125 0.819292128125 0.4053209953125 0.838470259375 0.4928984734375 0.915985778125 0.547637146875 0.9522639156249999
0 1 0.8606221328125001 0.973375171875 0.8643307046875 0.8453273375 0.8888473234375001 0.8186869640625 0.8992389031249999 0.8033156187499999 0.9414650359375001 0.8093965234375 0.983136 1 0.956586853125 1 0.8606221328125001
0 0.688325328125 1 0.7748862203125 0.9879429375000001 0.73631398125 0.932663971875 0.6980744859375 0.9255830703125 0.61341285625 0.9621901453125 0.5289144375 0.999728890625 0.5285591937499999 1 0.688325328125 1
0 0 0.2991706984375 0.01020359375 0.29700226875 0.0766578046875 0.197077278125 0.125539128125 0.1186881375 0.12104893750000001 0.10117985781250001 0.06467446875 0.0718104125 0.005575415625 0.0796735859375 0 0.0804501859375 0 0.2991706984375
0 0.1723188859375 1 0.1825427796875 0.9802121406250001 0.18181015312499998 0.9679069078125 0.11693761093749999 0.9387667515624999 0.0659863046875 0.9204152015625 0.079928203125 1 0.1723188859375 1
0 0.4783483984375 1 0.47850274531250003 0.980027359375 0.4604512109375 0.950091946875 0.3945920625 0.9478125890625 0.34817725624999996 0.9590497375 0.22781143125 0.9786787046875001 0.184174909375 0.9895288624999999 0.176488709375 1 0.4783483984375 1
0 0.54350804375 0.05951486406249999 0.64589478125 0.050979859375000006 0.679644084375 0.04055248125 0.7006431109375 0.0259497453125 0.45799890625 0.016962921875000002 0.4411322984375 0.019373621875 0.46105894999999997 0.0681359765625 0.49848237968750003 0.0705585171875 0.54350804375 0.05951486406249999