0 0.7269951546875 0.5209614734375 0.6768996328125 0.4585944234375 0.658827721875 0.5005839984375 0.5934986078125 0.5097845624999999 0.5982550875 0.6195591046875 0.730872375 0.6024598515624999 0.7269951546875 0.5209614734375
0 0.3450532671875 0.787751853125 0.290120271875 0.705554978125 0.25229815 0.710881621875 0.271008671875 0.7634687484375 0.1602603 0.8421769921875001 0.20040088906250003 0.8743904859375 0.3450532671875 0.787751853125
0 0.262412734375 0.7646793484375001 0.20923902968750002 0.6711902671875001 0.1550248609375 0.6614699140625 0.1750149390625 0.6996768453125 0.083377390625 0.788315846875 0.1312739890625 0.8478370296875 0.262412734375 0.7646793484375001
0 0.12467955625 0.6357657999999999 0.048675896875 0.6101808203125 0.0704237125 0.772784615625 0.1627407578125 0.6998276921875 0.12467955625 0.6357657999999999
0 0.471157896875 0.4007921125 0.4435714625 0.358921671875 0.356452084375 0.42010214843749993 0.2606982265625 0.3578542421875 0.21380042812500002 0.3613034921875 0.17725708906249998 0.42009446875 0.25022110937500003 0.5391964 0.41498311093750007 0.5254589640625 0.474995009375 0.49334058281250004 0.44480935 0.491280640625 0.471157896875 0.4007921125
0 0.3752058296875 0.1902610359375 0.288727403125 0.1424846046875 0.2505852 0.1683674328125 0.1463533890625 0.277713465625 0.218318603125 0.33384496406249997 0.357691534375 0.416772040625 0.49286872343750004 0.3030678421875 0.49882610156249996 0.2848732875 0.42170254375000005 0.2973126875 0.3752058296875 0.1902610359375
0 0.6305788031249999 0 0.6172526015625001 0.0520392953125 0.5354496578125 0.20398212500000001 0.618009975 0.24915480781250002 0.6990909765625 0.296113609375 0.7278382 0.22106503593750002 0.7894890765625 0.210804715625 0.8718912984375 0.0966441421875 0.86689416875 0.053170140624999994 0.7909484906250001 0 0.6305788031249999 0
0 0.7307567296874999 0.228542890625 0.7092464453125 0.2710167109375 0.7207601328125001 0.3451285046875 0.736632340625 0.3681375953125 0.7663783640624999 0.3560594578125 0.8286285203125001 0.38358139375 0.9775183125 0.3468348671875 0.98501725 0.3242487859375 0.9553350515625001 0.1331891234375 0.8392660671875 0.158038875 0.7904485484375 0.21698069531250003 0.7307567296874999 0.228542890625
0 0.7270368203124999 0.3742223046875 0.6653450609375 0.46337725625 0.68817423125 0.4633176875 0.7845674828125 0.5522977625000001 0.9205838156249999 0.47791982343750006 0.9092297796875 0.427452203125 0.8528969 0.3927858015625 0.767377946875 0.35118535 0.7270368203124999 0.3742223046875
0 0.42821598281249995 0.5993286359375001 0.483590946875 0.4921299828125 0.4671186828125 0.49918316718750005 0.39211383125 0.5365686203125 0.36120778750000004 0.597721234375 0.493624534375 0.6358724296875 0.471115446875 0.6153758140625001 0.48111127031249995 0.566634740625 0.439210603125 0.613557996875 0.42821598281249995 0.5993286359375001
0 0.4650366 0 0.3862177 0.0111003859375 0.285049940625 0.0735803109375 0.3752058296875 0.1902610359375 0.41830427812500004 0.286746840625 0.45536668437500005 0.287838296875 0.6199690296875 0.250456684375 0.5307718312499999 0.2077964765625 0.5873862515625 0.097267709375 0.5313644390625 0 0.4650366 0