0 0.688974378125 0.76731296875 0.6926297734375 0.793247553125 0.7155527921875 0.811550934375 0.8047068890625001 0.7512918625 0.7901992156250001 0.7205280171874999 0.688974378125 0.76731296875
0 0.9008547874999999 0.668486653125 0.9737060953125001 0.643268775 0.9757043421875 0.589316090625 0.9751584546875 0.5894651765625001 0.87977235 0.6199421890625 0.858257996875 0.6549328546875001 0.8579786359374999 0.6818173578125 0.9008547874999999 0.668486653125
0 0.5738134671874999 0.686356696875 0.5895396046875 0.725765403125 0.61396044375 0.7258291421874999 0.639333271875 0.718213875 0.70534839375 0.6814189828125 0.6750254234375 0.682780115625 0.67117983125 0.6121963453125 0.5823684890624999 0.660453978125 0.5738134671874999 0.686356696875
0 0.8476850796875001 0.6232190921874999 0.9757949218749999 0.586870453125 0.9784694249999999 0.514658859375 0.9156170609375 0.5278578125 0.7918753625 0.5592210015625 0.7855541953125 0.6009726296875 0.79572095625 0.6298047718750001 0.8476850796875001 0.6232190921874999
0 0.475559525 0.5521541796875 0.49490342187499997 0.5161976640625 0.4614580078125 0.52427195625 0.38974383437500004 0.5639325296875 0.3959758390625 0.5937145890625 0.42120898906250004 0.599541571875 0.4917680953125 0.56611919375 0.663539165625 0.5291202421875 0.6670043671875 0.5104056421875 0.5357993109375 0.5465502890625 0.475559525 0.5521541796875
0 0.203668175 0.5716084484375 0.22415425625 0.5726221046875 0.27721004531250004 0.5449151671875 0.341397471875 0.49515298437500005 0.3177384296875 0.4427610484375 0.1917499921875 0.5014837015625 0.18455311875 0.522589028125 0.203668175 0.5716084484375
0 0.2819571125 0.549728490625 0.2757122265625 0.5631548078125 0.2898137390625 0.5910370328125001 0.322104090625 0.5892009375 0.42604521562500003 0.5328212078125001 0.402779446875 0.5265192671875 0.393564671875 0.49000811874999994 0.3504854484375 0.5018980109375 0.2819571125 0.549728490625
0 0 0.4118213671875 0.02442188125 0.4256722953125 0.12171196875000001 0.3798372609375 0.29246764375 0.3356342546875 0.286299034375 0.3207352625 0.1985793625 0.34787163125 0.11099936875000001 0.36156575 0.1064682671875 0.31498486406250004 0.08245358281250001 0.31780274375 0 0.361299265625 0 0.4118213671875
0 0 0.352603834375 0.0093178640625 0.3473776484375 0.07947081406249999 0.31107364843749996 0.0336119046875 0.3176752609375 0.0142937703125 0.2672150328125 0 0.274938846875 0 0.352603834375
0 0.6262342640624999 0.7407440734375 0.650642221875 0.7840161875 0.76815190625 0.722870940625 0.7527685281250001 0.6714607906250001 0.6365535859375 0.7129255875 0.6262342640624999 0.7407440734375
0 0.682171784375 0.6035833562499999 0.668526940625 0.6366741890625 0.668514059375 0.6798825609375 0.7934742203125 0.65716423125 0.8467964875 0.6457811640625 0.8603016546875001 0.6261325859375 0.80006186875 0.6317364765625 0.7748416 0.5827011171875001 0.682171784375 0.6035833562499999
0 0.787825684375 0.7181213546875 0.791278003125 0.7426151296875 0.8251929703125 0.7523055171874999 0.9714805265625 0.7033591109375 0.97232746875 0.6804916796875 0.9208584328124999 0.6949440015625 0.9176091890625001 0.6718910359375 0.9038375515625001 0.67521574375 0.787825684375 0.7181213546875
0 0.8342433125 0.6577507328125 0.7644331156249999 0.6820532906250001 0.7716805078125 0.7190394015625 0.864083846875 0.6818332953125 0.8611773656249999 0.6467788859375 0.8342433125 0.6577507328125
0 0.9169236828124999 0.6958939187500001 0.9584416828125001 0.6873606015625 0.97224680625 0.68266955 0.9735937453125001 0.64630221875 0.9093335296875 0.6709092515624999 0.9169236828124999 0.6958939187500001
0 0.499650490625 0.5210109859375 0.4862087234375 0.5555426265625 0.6365417124999999 0.52520903125 0.5860754140625 0.5135550656250001 0.5763148078125 0.4876045453125 0.499650490625 0.5210109859375
0 0.3797930328125 0.4933328265625 0.3787013640625 0.5144540859375 0.399453921875 0.5317916140625 0.4514180453125 0.5252059390625 0.5826230953125 0.48906129218750005 0.603185459375 0.4617496375 0.5290343562500001 0.4841204875 0.498584584375 0.4557155 0.3797930328125 0.4933328265625
0 0.3118996921875 0.4590689859375 0.3367138046875 0.505222721875 0.4989907390625 0.45859711875000003 0.5079519171875 0.43557602656250005 0.4288506703125 0.451692740625 0.40152334375 0.416574596875 0.3275753125 0.44038625624999994 0.3118996921875 0.4590689859375
0 0.1052498015625 0.3063400015625 0.1096412265625 0.3663631390625 0.1572644390625 0.3578457578125 0.4033896890625 0.2999167640625 0.41547331249999997 0.2701825109375 0.2605200515625 0.325468909375 0.23840934374999997 0.312928771875 0.212846321875 0.2758948578125 0.1052498015625 0.3063400015625
0 0.0125165859375 0.312339175 0.060406274999999995 0.3201456640625 0.141208425 0.28723011718749997 0.1256090875 0.27758753281250004 0.11578508125 0.23675395156249998 0.08803871875 0.24196255781249998 0.0080488765625 0.28064134531249996 0.0125165859375 0.312339175
0 0 0.264153490625 0.08566518749999999 0.23955589375000003 0.0733913671875 0.2246409640625 0.058147667187499995 0.1597885671875 0 0.18021105312500002 0 0.264153490625
0 0.58588521875 0.46890588125 0.5661351640625 0.50198078125 0.5949603156250001 0.5188592828124999 0.684507684375 0.5046902078125 0.8621174796875 0.45138331562499995 0.8773235500000001 0.41493590625000004 0.8653924859375 0.3880195328125 0.679507021875 0.4403446390625 0.58588521875 0.46890588125
0 0.5111248765624999 0.4869543015625 0.5434152296875 0.4851182109375 0.6253724453125 0.44596446093750003 0.8126794531250001 0.40372503281250005 0.809849246875 0.3403453171875 0.7313572328125 0.36078446249999996 0.5026590171875001 0.441323334375 0.5111248765624999 0.4869543015625
0 0.4106876 0.394994309375 0.409050096875 0.42667620156249997 0.41840455 0.44974510156249997 0.44994598437500005 0.45702882968749997 0.712495765625 0.3712972875 0.72831106875 0.33917230625 0.70546433125 0.2925436125 0.5950881203125 0.3177004765625 0.4106876 0.394994309375
0 0.27533284375 0.24293150156249999 0.18489688124999998 0.279662653125 0.1880064453125 0.31615786875 0.2560394625 0.3369794578125 0.335420071875 0.2939782375 0.5208359796875001 0.22388845625 0.49508276249999994 0.14220535625 0.45131802499999996 0.1780981296875 0.27533284375 0.24293150156249999
0 0.1182854140625 0.2689267375 0.1420207359375 0.2929933609375 0.4483986546875 0.1862521015625 0.445225696875 0.13487382187500002 0.4169463828125 0.1074346875 0.279965996875 0.17477032812499999 0.1301025578125 0.2228686109375 0.1182854140625 0.2689267375
0 0.2734546328125 0.17187277343750001 0.38098775156250003 0.1265445703125 0.3653378953125 0.058810549999999996 0.2006240296875 0.088146425 0.06459563593749999 0.1478030625 0.085804865625 0.22611364531249997 0.2734546328125 0.17187277343750001