0 0.343824709375 0.077629009375 0.3501450171875 0.18732217499999998 0.3868027984375 0.20419804687499998 0.4411574390625 0.172133890625 0.4752870984375 0.16200836875 0.4778152203125 0.032064156249999996 0.4500058703125 0.0067503484375 0.372898121875 0.003375175 0.3539372015625 0.013500696875 0.343824709375 0.077629009375
0 0.20604201406249997 0.16032078125 0.2831497609375 0.1839470015625 0.33624034062499997 0.18563458906250002 0.3412965859375 0.0843793578125 0.3425606484375 0.003375175 0.20604201406249997 0.0101255234375 0.2022498296875 0.11475592812499999 0.20604201406249997 0.16032078125
0 0.182024846875 0.332454671875 0.182024846875 0.428647140625 0.26166071562500004 0.432022315625 0.321071603125 0.432022315625 0.31854348125 0.335829846875 0.3109591125 0.271701534375 0.2793575765625 0.27338912187500003 0.21489044375000002 0.270013946875 0.1896092140625 0.2784518828125 0.182024846875 0.332454671875
0 0.1276702046875 0.5130264999999999 0.115029590625 0.6159693171875 0.1794967234375 0.6395955375 0.24902010156249998 0.6446582984375 0.26166071562500004 0.5771548109375 0.2755653921875 0.5045885640625001 0.24522791718749998 0.47083682031249996 0.1870810921875 0.46239888437500004 0.14283894218749998 0.4657740578125 0.1276702046875 0.5130264999999999
0 0.1061811609375 0.7543514640625 0.13272645 0.8201673640625 0.1605358015625 0.875857740625 0.23005918125 0.8522315203125 0.27177320781250003 0.8066666671875 0.2641888390625 0.7273500703125 0.2376435484375 0.66997210625 0.19845764531250001 0.6581589953125 0.1087092828125 0.7087866109375 0.1061811609375 0.7543514640625
0 0.3691059375 0.8539191078125 0.42093245625 0.877545328125 0.47655115937500003 0.891046025 0.499304265625 0.8539191078125 0.5182651875000001 0.73241283125 0.4234605796875 0.7222873078125 0.3981793515625 0.7020362625 0.3905949828125 0.7391631796875 0.3678418765625 0.808354253125 0.3691059375 0.8539191078125
0 0.566299521875 0.877545328125 0.5890526265625 0.8876708499999999 0.639615084375 0.875857740625 0.6939697265625 0.86235704375 0.68764941875 0.7594142265625 0.68006505 0.7070990234375001 0.6598400671875 0.70372385 0.61433385625 0.7374755921875 0.5460745390625 0.73072524375 0.5486026609375 0.811729428125 0.566299521875 0.877545328125
0 0.743268121875 0.6007810328125001 0.7748696578125001 0.6328451890625 0.8507133437500001 0.6429707109375 0.8772586328124999 0.651408646875 0.8898992484375 0.585592746875 0.9012758 0.5130264999999999 0.8507133437500001 0.4877126921875 0.7849821484375 0.46914923281250004 0.7647571656250001 0.4860251046875 0.750852490625 0.560278940625 0.743268121875 0.6007810328125001
0 0.6750088046875 0.1957601109375 0.7344196921874999 0.28520223125 0.787510271875 0.270013946875 0.8039430703124999 0.2126359828125 0.802679009375 0.13669456093750001 0.7913024562500001 0.1063179921875 0.7255712609375 0.1063179921875 0.6901775421874999 0.111380753125 0.6788009890625 0.14513249687500002 0.6750088046875 0.1957601109375
0 0.5675635828125001 0.108005578125 0.6269744703125 0.11475592812499999 0.65857600625 0.1012552296875 0.6750088046875 0.023626220312499998 0.6750088046875 0.0050627609375 0.5549229687499999 0.0050627609375 0.5498667234375 0.082691771875 0.5675635828125001 0.108005578125
0 0.7521165515625 0.3257043234375 0.754644675 0.4083960953125 0.76222904375 0.44214783750000003 0.8266961765625 0.45733612343749996 0.891163309375 0.4455230125 0.8936914312500001 0.37464435156250003 0.8848430015625001 0.3155788 0.846921159375 0.2953277546875 0.779925903125 0.302078103125 0.7521165515625 0.3257043234375
0 0.7988868250000001 0.1046304046875 0.8077352546875 0.1350069734375 0.8292242984374999 0.12825662499999999 0.845657096875 0.023626220312499998 0.8494492812500001 0.0016875875 0.7230431390625001 0.0016875875 0.710402525 0.0084379359375 0.714194709375 0.09619246875000001 0.7988868250000001 0.1046304046875
0 0.65857600625 0.108005578125 0.6459353921875 0.111380753125 0.56882764375 0.109693165625 0.5523948453124999 0.0742538359375 0.5486026609375 0.09788005625 0.5422823546875 0.1704463046875 0.6421432078125 0.1687587171875 0.6737447421875 0.18732217499999998 0.6737447421875 0.13669456093750001 0.6712166203125001 0.0675034875 0.65857600625 0.108005578125
0 0.802679009375 0.1839470015625 0.802679009375 0.24976290156249997 0.7849821484375 0.271701534375 0.735683753125 0.2818270578125 0.735683753125 0.2936401671875 0.750852490625 0.298702928125 0.8077352546875 0.2953277546875 0.8279602374999999 0.270013946875 0.8304883609375 0.2160111578125 0.8279602374999999 0.15188284531250001 0.801414946875 0.143444909375 0.802679009375 0.1839470015625
0 0.4740230375 0.0253138078125 0.48287146718749996 0.075941421875 0.46517460625 0.1670711296875 0.517001125 0.16200836875 0.52458549375 0.0877545328125 0.528377678125 0.0050627609375 0.505624571875 0 0.43104494843749996 0.0016875875 0.4133480875 0.0101255234375 0.4740230375 0.0253138078125
0 0.14031081875 0.12825662499999999 0.136518634375 0.20588563437500002 0.144103003125 0.25651324999999997 0.20351389062499997 0.27338912187500003 0.2654529 0.2767642953125 0.2806216375 0.25651324999999997 0.2831497609375 0.175509065625 0.211098259375 0.16200836875 0.20351389062499997 0.1316317984375 0.2009857671875 0.1012552296875 0.15674361718750002 0.0911297078125 0.14031081875 0.12825662499999999
0 0.21489044375000002 0.45564853593750004 0.25407634843750004 0.47589958125000004 0.270509146875 0.5113389125000001 0.25913259375000003 0.5940306828125 0.24902010156249998 0.634532775 0.3160153578125 0.621032078125 0.329920034375 0.6109065546875 0.3273919109375 0.5315899578125001 0.31475129687500003 0.47083682031249996 0.26292477812500004 0.459023709375 0.21489044375000002 0.45564853593750004
0 0.2603966546875 0.7391631796875 0.269245084375 0.7914783828124999 0.30463880468750004 0.8269177125 0.3501450171875 0.79991631875 0.3830106140625 0.747601115625 0.403235596875 0.7205997203125001 0.35267313906250003 0.6328451890625 0.3160153578125 0.6092189671875 0.2831497609375 0.6395955375 0.2414357328125 0.6733472796875 0.2603966546875 0.7391631796875
0 0.23637948749999999 0.8505439328125 0.16938423125 0.8691073921875001 0.14031081875 0.8370432359375 0.1377826953125 0.8674198046875 0.1896092140625 0.9416736406249999 0.2275310578125 0.9703626218749999 0.25786853125000003 0.936610878125 0.30337474375 0.8741701531249999 0.30463880468750004 0.8387308234375 0.2641888390625 0.7914783828124999 0.23637948749999999 0.8505439328125
0 0.41461214999999996 0.9501115765625 0.48539958906249997 0.9467364015624999 0.51068081875 0.9416736406249999 0.51068081875 0.85729428125 0.505624571875 0.811729428125 0.48539958906249997 0.8741701531249999 0.410819965625 0.8741701531249999 0.3868027984375 0.8674198046875 0.38806685937499996 0.9315481171875 0.41461214999999996 0.9501115765625
0 0.5814682578125 0.9568619249999999 0.6307666546874999 0.9602370984374999 0.6813291109375 0.939986053125 0.6750088046875 0.8674198046875 0.5814682578125 0.879232915625 0.566299521875 0.877545328125 0.558715153125 0.8387308234375 0.5561870296875 0.904546721875 0.5814682578125 0.9568619249999999
0 0.6775369265625 0.8674198046875 0.6964978484375 0.936610878125 0.7634931046875 0.9247977687500001 0.802679009375 0.909609484375 0.7862462109374999 0.8269177125 0.7824540265625 0.7627894000000001 0.7533806125 0.7492887031250001 0.6889134796875 0.7712273359374999 0.691441603125 0.8488563453125 0.6775369265625 0.8674198046875
0 0.3273919109375 0.8302928875 0.30211068281250003 0.8235425390625 0.305902865625 0.8556066953125001 0.2414357328125 0.9484239890625 0.27177320781250003 0.9450488140625 0.3501450171875 0.9551743374999999 0.380482490625 0.9247977687500001 0.37921842968749997 0.8657322171875 0.3678418765625 0.7914783828124999 0.351409078125 0.7864156203125 0.3273919109375 0.8302928875
0 0.3716340609375 0.3729567640625 0.3830106140625 0.44214783750000003 0.49551208124999996 0.460711296875 0.5043605109375 0.3797071125 0.5119448796875 0.3155788 0.4120840265625 0.28520223125 0.384274675 0.298702928125 0.3716340609375 0.3729567640625
0 0.5561870296875 0.509651325 0.5903166890625 0.54340306875 0.654783821875 0.555216178125 0.6889134796875 0.5484658296875 0.6952337875 0.45733612343749996 0.7002900328125 0.41008368125 0.6750088046875 0.3763319390625 0.5776760734375 0.37801952656250004 0.558715153125 0.428647140625 0.5561870296875 0.509651325
0 0.36531375312500003 0.57209205 0.384274675 0.6125941421875 0.44368556249999996 0.649721059375 0.4740230375 0.651408646875 0.5119448796875 0.5670292890625 0.5233214328125 0.5113389125000001 0.468966790625 0.47083682031249996 0.40955590312499995 0.459023709375 0.372898121875 0.5197768484374999 0.36531375312500003 0.57209205
0 0.5258495562500001 0.396582984375 0.5309058015625 0.4252719671875 0.5448104765624999 0.4252719671875 0.5410182921875 0.35270571875 0.551130784375 0.300390515625 0.647199453125 0.2936401671875 0.6560478828125 0.2953277546875 0.6459353921875 0.268326359375 0.5814682578125 0.24976290156249997 0.5473386 0.25651324999999997 0.520793309375 0.3071408640625 0.5258495562500001 0.396582984375
0 0.52458549375 0.54002789375 0.5334339234375001 0.6429707109375 0.580204196875 0.6598465828125 0.6598400671875 0.653096234375 0.65731194375 0.622719665625 0.5865245046875 0.6294700140625 0.561243275 0.6109065546875 0.5498667234375 0.49108786562500006 0.5258495562500001 0.4995258015625 0.52458549375 0.54002789375
0 0.6522556984375 0.2953277546875 0.566299521875 0.302078103125 0.5435464156250001 0.3257043234375 0.53975423125 0.38476987500000004 0.5448104765624999 0.4455230125 0.557451090625 0.45058577343749995 0.5713557671875 0.37801952656250004 0.6206541624999999 0.367894003125 0.6851212953125 0.3830822875 0.6775369265625 0.3138912140625 0.6522556984375 0.2953277546875
0 0.5713557671875 0.6260948390625 0.6358229 0.6328451890625 0.6939697265625 0.6109065546875 0.68764941875 0.5518410046875 0.6535197593750001 0.558591353125 0.56882764375 0.5349651328125 0.5561870296875 0.5045885640625001 0.55365890625 0.5788423984375 0.5713557671875 0.6260948390625