1 0.2820112609375 0.8374157406249999 0.2606192625 0.7598683859375 0.22278146406250002 0.6906599453125 0.1698311390625 0.7441018374999999 0.1194959234375 0.7602607406249999 0.1050871125 0.8323642859374999 0.1163869484375 0.9030432562499999 0.162293175 0.95992041875 0.2095920015625 0.9587850078125 0.25693374687500004 0.9160525625 0.2820112609375 0.8374157406249999
1 0.3960763796875 1 0.40443722187500003 0.9895828312500001 0.41673804375 0.8938277203125 0.3932380546875 0.7926288015625 0.364773871875 0.8239165375 0.32250708125 0.8277441578125 0.283389028125 0.8224841625 0.25157793281249996 0.9401177125 0.2768400859375 1 0.3960763796875 1
1 0.3009544703125 0.30306318125 0.2235328390625 0.3355782359375 0.18744959375 0.40294072343750004 0.18642210625 0.48024486718750004 0.20258546718749998 0.544712246875 0.24672073125 0.595745446875 0.32661545937500003 0.606173528125 0.3671128625 0.5088559781249999 0.34669218281249997 0.3510365453125 0.3009544703125 0.30306318125
1 0.581663378125 0.61580910625 0.5458922328125 0.5242033 0.5197193828125 0.5449653999999999 0.44613536875 0.5609270484375 0.4087734421875 0.604592009375 0.4070851578125 0.6908459171875 0.4325956265625 0.7666795328125 0.47645003125 0.8028730656249999 0.5170020281250001 0.7961694125000001 0.5643437718750001 0.7534369734374999 0.581663378125 0.61580910625
1 0.705148571875 1 0.7137703140625 0.9724419687499999 0.7061114953125001 0.8748218234375 0.6888925578125 0.886174625 0.6349873265625 0.8891616375 0.5867055078125001 0.838358209375 0.5745318609375001 0.8969681875 0.5678396218749999 0.9820138515625001 0.5693340609375 1 0.705148571875 1
1 0.6985252578125001 0.6494426468750001 0.7413139984375 0.5415994703125 0.729255853125 0.430853390625 0.6780929046875 0.35941228125 0.648967921875 0.39964977031250004 0.591421675 0.42957795781249997 0.569507725 0.45604616093750006 0.5602432937499999 0.5367777874999999 0.585149134375 0.6245290921875 0.6130219453125 0.6497240125 0.6484147250000001 0.6774732875 0.6985252578125001 0.6494426468750001
1 0.8703425921875001 0.121474209375 0.8135991499999999 0.062226515625 0.760298546875 0.053295840625 0.6950208953125 0.113362915625 0.6776466953125 0.1603768796875 0.68707648125 0.26384098749999996 0.7128958921875 0.3559982421875 0.7616419078125001 0.387464153125 0.8432100968749999 0.354719325 0.8787597203124999 0.259161465625 0.8703425921875001 0.121474209375
1 0.917237159375 0.7130850046874999 0.89228998125 0.5792847625 0.8342662796875 0.583985515625 0.7819073296875 0.5809447484375 0.7509832953125 0.6138543109375 0.7380645953125 0.67696215 0.7379506734375 0.75867224375 0.7797103437499999 0.8157791765625 0.8333479734375 0.8425174562500001 0.8726493734374999 0.81360025625 0.917237159375 0.7130850046874999
1 0.224539175 0.6519389421875 0.20244503906250003 0.5372924078125 0.137239971875 0.4696004578125 0.0895331171875 0.4930413265625 0.040714515624999996 0.589334453125 0.033741421875 0.6595404421875 0.0585349203125 0.7413558828125 0.11482899687499999 0.776860103125 0.15770040937500002 0.7611147859375 0.194513875 0.7323354484375 0.224539175 0.6519389421875
1 0.378647478125 0.8112635828125001 0.4148430671875 0.74983696875 0.40264449375 0.631671053125 0.36189748125 0.540340965625 0.34272423281250003 0.5800270109375 0.2918124734375 0.6095875671875 0.243220134375 0.6301064578125 0.2379337484375 0.7017045093750001 0.2643297015625 0.780460109375 0.2959410359375 0.827730725 0.339261821875 0.8357288796875 0.378647478125 0.8112635828125001
1 0.5282445578125 1 0.535749253125 0.9971617593750001 0.5702862171875 0.9358270531249999 0.579410221875 0.84767559375 0.5563034296875 0.7672522125000001 0.492952003125 0.79750208125 0.451093240625 0.77902425 0.4349283 0.802202834375 0.412647659375 0.897025425 0.43072241250000004 0.9747565953124999 0.4597608203125 1 0.5282445578125 1
1 0.4940303078125 0.24037108906250002 0.4534502296875 0.24559077187499997 0.3889457203125 0.302643953125 0.3605509578125 0.3814645875 0.3667758375 0.491048378125 0.421368371875 0.568241540625 0.5025004453124999 0.556318203125 0.551811334375 0.442171528125 0.52973045 0.372089959375 0.4940303078125 0.24037108906250002
1 0.6912511218749999 0.2650951875 0.682594478125 0.15861719218749998 0.6287750859375 0.0784101421875 0.5551629828125 0.092887821875 0.5120091343750001 0.1814394265625 0.49230068125 0.28057605625000004 0.5156040734375 0.3713872109375 0.583901703125 0.42702361250000004 0.6590881703125 0.408002125 0.686133246875 0.3455970359375 0.6912511218749999 0.2650951875
1 0.86461578125 1 0.8807294750000001 0.93347990625 0.868867925 0.833121596875 0.8174506312500001 0.8359707500000001 0.7710521171875 0.796947146875 0.73661424375 0.8196527515625001 0.7099904484375 0.9043173437500001 0.7170033015625 0.96780625 0.727973665625 1 0.86461578125 1
1 0.7378235015625 0.7958173703125 0.7352248046875001 0.702373403125 0.709967103125 0.6398954875 0.6481900421875 0.6656015515625 0.5944400703125 0.632927403125 0.58410839375 0.6572682750000001 0.566213825 0.720651834375 0.5691082078125 0.7858544734375 0.5943659078125 0.8483323890625 0.6424230421875 0.887264090625 0.710061453125 0.864204278125 0.7378235015625 0.7958173703125
1 0.925168321875 0.5180419625 0.939438284375 0.35087261875000003 0.8862796921875 0.26171581875 0.8340876734375 0.355224821875 0.7697945921875 0.37958477031250004 0.7475006984375 0.42984239999999996 0.7513086515625 0.49945098750000005 0.7828208953125 0.5853506984375 0.8213343265624999 0.6025283828125 0.8652316499999999 0.597124884375 0.925168321875 0.5180419625