1 0.44999717187500005 1 0.5133604593750001 0.9749712546874999 0.52786608125 0.86690839375 0.48822108750000004 0.718760990625 0.4101657828125 0.7097191296875 0.34957584062499997 0.667407265625 0.32083063125 0.7239537359375 0.31229474062499996 0.78700515625 0.326658159375 0.887581990625 0.39246626406249996 0.9656713984374999 0.4377706484375 1 0.44999717187500005 1
1 0.3393111890625 0.7395671765625 0.34555678125 0.6524280515624999 0.33810226875 0.6013172859375 0.2836659703125 0.4859088625 0.2126176453125 0.4263904625 0.1436377140625 0.4418419296875 0.1141470546875 0.4932773234375 0.1277110796875 0.579988615625 0.165503475 0.6881840578125 0.2396255546875 0.7541042015625 0.293868128125 0.780146190625 0.3393111890625 0.7395671765625
1 0.13650689062500002 0.44325800937500004 0.1786922828125 0.4243623671875 0.204817384375 0.377101396875 0.1946728703125 0.294970153125 0.1593926859375 0.1599802609375 0.1141936015625 0.095328578125 0.09103011093749999 0.08631117031249999 0.0106070265625 0.1022820421875 0.035530546875 0.3426159828125 0.0908860453125 0.42602209531249996 0.13650689062500002 0.44325800937500004
1 0.658405740625 0.558746059375 0.6676171937500001 0.46049973906249997 0.6401752796875 0.352001871875 0.5927937890625 0.2807714296875 0.518725659375 0.22360576562499998 0.46638963125000005 0.24627021249999997 0.4400806234375 0.3216163015625 0.45959231562499997 0.4176647 0.4882553890625 0.49261234218750005 0.5486074796875 0.5542548593750001 0.609581175 0.5719479921875 0.658405740625 0.558746059375
1 0.71640118125 1 0.714022775 0.9526529671875 0.67355631875 0.8449885546875 0.612544615625 0.8500924515625 0.5522464796875 0.7972044125 0.5155551046875 0.8097499046875001 0.5014871859375 0.9019485046875 0.5252557921875 0.9936454578125 0.5294245875 1 0.71640118125 1
1 1 0.7576959875 0.9790586625 0.717704740625 0.9112300046874999 0.659300009375 0.849672696875 0.6627592124999999 0.8553224374999999 0.7685725406249999 0.8339618546875001 0.8359238 0.8601887265625001 0.89207183125 0.91628389375 0.95806578125 0.9272911671875 0.9676815937500001 1 0.9532426609375 1 0.7576959875
1 0.7898269296875 0.13295515468750002 0.7841808859375 0.23049343437499997 0.8017480265625 0.300632425 0.8562603421875 0.37044678593749997 0.92403505 0.42009704687499994 0.956123759375 0.4137246890625 0.99314494375 0.367805990625 0.9957559140625 0.32877945625 0.922146328125 0.106886940625 0.8659057984375 0.052984593749999996 0.8348163390625001 0.0766888890625 0.7898269296875 0.13295515468750002
1 0.42114641875 0.29031561875 0.44561265 0.292469121875 0.48183443437499995 0.2326848671875 0.49027837500000004 0.18367601718749998 0.46769292812499996 0.081225878125 0.4389936109375 0.0172106046875 0.27185115937500004 0.0504027 0.269904515625 0.10647952187500001 0.31055488124999997 0.18605881562499998 0.3557539640625 0.250710496875 0.42114641875 0.29031561875
1 0.791141325 0.577965646875 0.8313441625 0.5559576390625 0.8518832859375 0.5290893765625 0.8577831281250001 0.44377195468749997 0.8326854609375 0.368116265625 0.772663184375 0.27310054375 0.6891898734375 0.22481476250000001 0.66935819375 0.279591134375 0.6281720484375 0.3158187125 0.64029911875 0.40106233125 0.6922612109374999 0.520468175 0.7495775421875 0.5529119046875001 0.791141325 0.577965646875
1 0.639017890625 0.0236673296875 0.6819952781249999 0.1000248078125 0.7447676249999999 0.14891543125 0.8029593687500001 0.1496306515625 0.8400185562500001 0.0809149171875 0.835204434375 0.030933496875 0.639017890625 0.0236673296875
1 0.3552120640625 0.452417421875 0.37895490625 0.39511130781250003 0.3957888359375 0.2883391171875 0.355845915625 0.2366679359375 0.299534953125 0.1356560875 0.2525151578125 0.094155459375 0.1963599203125 0.1053070859375 0.17087238124999998 0.140170184375 0.17472347187499998 0.2147860203125 0.189248740625 0.3416262875 0.2476342125 0.4317079421875 0.31955794375 0.4594978171875 0.3552120640625 0.452417421875
1 0.5008299890625 0.67944325625 0.5069137375 0.5660407140625 0.4747232546875 0.46900407031249997 0.3917097078125 0.3505054875 0.380445809375 0.4053334609375 0.3584856703125 0.4622855484375 0.2939625015625 0.47685196718749995 0.3115455859375 0.5785424609375001 0.36641959375 0.6780866375 0.4233901734375 0.7123520671875 0.46950267500000004 0.7224782000000001 0.5008299890625 0.67944325625
1 0.6767122140625 0.71989618125 0.65005375625 0.59371235625 0.589371859375 0.56544304375 0.507589296875 0.5308458046875 0.5118020859375 0.6351914562500001 0.50104578125 0.71446115 0.55204663125 0.7937380234375 0.5996120281249999 0.83688334375 0.647507234375 0.8466554546875 0.6825078578125 0.820421421875 0.6767122140625 0.71989618125
1 0.8612321 0.8007066796875 0.86311288125 0.7004100531249999 0.8296154046875 0.5650661328125001 0.7592904703125 0.56500735625 0.6897171078125 0.4841596109375 0.6642295671875 0.5190227046875 0.657784128125 0.6026954421874999 0.6827518328125 0.71519071875 0.7210738921875001 0.793479346875 0.779135671875 0.8310341546875 0.8214829109374999 0.8384019374999999 0.8612321 0.8007066796875
1 1 0.4568100125 0.9820269453125 0.4173458734375 0.945427521875 0.4158488078125 0.851311921875 0.37844161875000004 0.8568537671875 0.46674599843750003 0.84080329375 0.5558322328124999 0.8891840296875 0.6443946109375001 0.9420055921875001 0.7005204218750001 1 0.7070954140625 1 0.4568100125
1 0.5457359859375 0.262067834375 0.614056303125 0.3133627921875 0.6456913640625 0.2913031828125 0.6844413031250001 0.2362759875 0.6761015578125 0.0994421828125 0.6398765656250001 0.023699132812500003 0.486266496875 0.018009870312500002 0.473932396875 0.079986809375 0.4878421734375 0.1648763984375 0.5457359859375 0.262067834375
1 0.760055565625 0.80502155625 0.709594196875 0.813289421875 0.6863969546875001 0.8722402203125 0.714422475 0.9595857390625 0.8708089484375 0.9355417796875001 0.8690642515624999 0.9130987671874999 0.84427433125 0.8584184171875 0.8146438890625 0.8292418453125 0.760055565625 0.80502155625