1 0.0483496046875 0.1087866109375 0.033472803125 0.16596931718750002 0.06880520625 0.23570432343749997 0.1655044171875 0.225941421875 0.25848442656250004 0.23570432343749997 0.2993956296875 0.24407252499999998 0.3272896328125 0.1757322171875 0.3217108328125 0.1073919109375 0.21385402187500002 0.048814504687499996 0.0855416078125 0.061366806249999996 0.0483496046875 0.1087866109375
1 0.037192003125 0.401673640625 0.09298000937499999 0.42119944218749994 0.18038121875 0.411436540625 0.288238028125 0.4281729421875 0.32914923281249997 0.31799163125 0.31613203125 0.25523012500000003 0.19525801874999998 0.2105997203125 0.0539284046875 0.23570432343749997 0.027894003125 0.27196652656250003 0.0055788 0.3347280328125 0.037192003125 0.401673640625
1 0.0037192 0.4811715484375 0.0037192 0.6359832640625 0.052068804687500005 0.6722454671875 0.10785681093749999 0.6736401671875 0.221292421875 0.659693165625 0.29195722968750004 0.6234309625 0.31985123125000003 0.5606694562500001 0.30869363125 0.47838214843750004 0.252905625 0.43514644375 0.19153881875 0.4225941421875 0.1692236171875 0.4184100421875 0.0409112046875 0.44072524375000005 0.0037192 0.4811715484375
1 0.0055788 0.714086471875 0.0055788 0.903765690625 0.1115760109375 0.9525801953125 0.211994421875 0.94002789375 0.2993956296875 0.8912133890625 0.340306834375 0.8158995812500001 0.32357043281250003 0.7308228734375 0.2659228265625 0.6708507671875 0.2026964203125 0.6680613671875 0.057647606250000004 0.68479776875 0.0055788 0.714086471875
1 0.336587634375 0.0850767078125 0.3272896328125 0.13389121406249999 0.347745234375 0.20223152031249997 0.409112040625 0.224546721875 0.4890748484375 0.224546721875 0.5541608546875 0.225941421875 0.598791259375 0.1701534171875 0.587633659375 0.1059972109375 0.5578800562499999 0.059972106250000004 0.4797768484375 0.0418410046875 0.4518828453125 0.036262203124999996 0.3793584375 0.0474198046875 0.336587634375 0.0850767078125
1 0.3328684328125 0.35983263593750003 0.3905160390625 0.41004184062500004 0.46118084687499994 0.40725244062500005 0.5523012546875 0.4184100421875 0.5913528593749999 0.41980474218749997 0.6341236640625 0.3584379359375 0.5913528593749999 0.2677824265625 0.531845653125 0.2287308234375 0.3923756390625 0.22733612343749998 0.338447234375 0.2691771265625 0.3328684328125 0.35983263593750003
1 0.31799163125 0.4895397484375 0.3310088328125 0.599721059375 0.40725244062500005 0.6429567640625 0.5151092515625 0.649930265625 0.6192468625 0.6304044625 0.6582984656249999 0.5271966531250001 0.6173872625 0.46164574687500004 0.5392840546875 0.42119944218749994 0.45002324531250004 0.41701534218749997 0.3960948390625 0.4156206421875 0.340306834375 0.4504881453125 0.31799163125 0.4895397484375
1 0.344026034375 0.7587168765625 0.345885634375 0.8605299859375 0.39981404062500003 0.9149232921875001 0.47791724843749994 0.94002789375 0.5764760578125 0.93165969375 0.6768944671875 0.8521617859375 0.6713156671875 0.7322175734374999 0.598791259375 0.6638772656249999 0.5039516500000001 0.651324965625 0.37192003749999997 0.69316596875 0.344026034375 0.7587168765625
1 0.593212459375 0.089260809375 0.598791259375 0.19386331875 0.6155276609375 0.24546722499999998 0.715946071875 0.21896792187499997 0.8200836812500001 0.213389121875 0.8777312875 0.158995815625 0.840539284375 0.087866109375 0.784751278125 0.048814504687499996 0.721524871875 0.037656903125 0.6397024640625 0.0543933046875 0.593212459375 0.089260809375
1 0.6155276609375 0.3040446296875 0.650860065625 0.3960948390625 0.7010692703125 0.4142259421875 0.7773128781249999 0.3947001390625 0.8628544859374999 0.39191073906249996 0.9149232921875001 0.338912134375 0.9019060906249999 0.24267782499999999 0.8219432828125001 0.21896792187499997 0.717805671875 0.22175732187500002 0.6155276609375 0.2608089265625 0.6155276609375 0.3040446296875
1 0.656438865625 0.5062761499999999 0.6992096703125 0.6052998609375 0.7419804734375 0.6401673640625 0.8163644812499999 0.6331938640625 0.8926080890625 0.6276150625 0.970711296875 0.5746164578124999 0.9855880984375001 0.49651325 0.9205020921875 0.42119944218749994 0.8516968859375 0.398884240625 0.775453278125 0.40027894062499997 0.656438865625 0.4518828453125 0.656438865625 0.5062761499999999
1 0.6694560671875001 0.7099023703125 0.6861924687500001 0.8326359828125 0.751278475 0.8884239890625001 0.8349604828125001 0.9177126921875001 0.93723849375 0.906555090625 0.9930265 0.8675034875 0.9911668984374999 0.6736401671875 0.9093444906249999 0.6345885640625 0.8163644812499999 0.6373779640625 0.7271036734375 0.6680613671875 0.6694560671875001 0.7099023703125