3 0.8114358312500001 0.415841584375 0.89237205 0.479747975 1 0.406840684375 0.9974169296875001 0.17551755156249998 0.8217681140625 0.28532853281250004 0.8114358312500001 0.415841584375
3 0.853274390625 0.617461746875 0.9273224203125 0.671467146875 0.9169901359375 0.7002700265625 0.9807058828124999 0.7452745281250001 0.9987873781250001 0.7335733578125 0.9979263546875 0.40954095468749996 0.8575795078124999 0.510351034375 0.853274390625 0.617461746875
3 0.5493330578125 0.7515751578125001 0.5476110109375 0.8955895593750001 0.6535169140625 0.981098109375 0.895464546875 0.7965796578125001 0.9178511593750001 0.6678667859375 0.785253525 0.5706570656250001 0.5493330578125 0.7515751578125001
3 0.506281878125 0.48694869531249996 0.5105869968750001 0.6084608453125 0.54244486875 0.6282628265625 0.539000775 0.64356435625 0.6130488046875 0.698469846875 0.785253525 0.565256525 0.8076401390625 0.5787578765625 0.82830470625 0.5589558953125 0.8308877765625 0.43294329375 0.7155106140624999 0.35733573281250003 0.506281878125 0.48694869531249996
3 0.5157531375 0.25922592187500004 0.5054208546875001 0.361836184375 0.525224396875 0.37713771406249996 0.5278074687500001 0.402340234375 0.5725806953125 0.4401440140625 0.7163716375 0.35643564375 0.752534628125 0.37893789375 0.817972421875 0.3303330328125 0.8239995875 0.27362736249999997 0.8248606109375001 0.19081908125 0.7318700625 0.1260126015625 0.5157531375 0.25922592187500004
3 0.1864671234375 0.2350964125 0.19507735937499998 0.3512080234375 0.2674033421875 0.3953124328125 0.41549940156250004 0.301703071875 0.44305215625 0.3152044234375 0.49385255 0.28820172187500004 0.48954743125 0.16128903125 0.4043060953125 0.106383540625 0.1864671234375 0.2350964125
3 0.20033966093750002 0.447198734375 0.1982011484375 0.5545046703125001 0.28481087031249996 0.634984121875 0.417933221875 0.5427680828125 0.44038759375 0.555622440625 0.5066814546875 0.5120294046875 0.5051568828125 0.490316925 0.516350190625 0.472315125 0.5240994031249999 0.3787057640625 0.41647145312499995 0.30399829375 0.20033966093750002 0.447198734375
3 0.1661775546875 0.7245724578125 0.1592893671875 0.8595859593749999 0.286720859375 0.9567956796875 0.5263654828125001 0.7706153687499999 0.535599965625 0.63241833125 0.416037721875 0.546553259375 0.1661775546875 0.7245724578125
3 0.0025830703125 0.5463546359375 0 0.8568856890625 0.1610114140625 0.7533753375 0.16273346093750002 0.7236723671874999 0.1954523578125 0.69756975625 0.19373031093749998 0.5868586859375 0.0895464546875 0.49234923437500006 0.0025830703125 0.5463546359375
3 0.0034440937499999997 0.315031503125 0.0025830703125 0.5400540046875 0.090407478125 0.487848784375 0.12312637500000001 0.5148514843750001 0.1765098390625 0.48154815468749995 0.1592893671875 0.342034203125 0.0662988171875 0.2772277234375 0.0034440937499999997 0.315031503125
3 0.0008610234374999999 0.142214221875 0.0017220468749999998 0.3087308734375 0.0697429125 0.27452745312500004 0.11796023281250001 0.30693069375 0.1877031453125 0.2709270921875 0.18339802656249998 0.2376237625 0.1954523578125 0.2223222328125 0.19373031093749998 0.14041404062500001 0.10590590312499999 0.0810081015625 0.0008610234374999999 0.142214221875