4 0.5782269859375 0.61068708125 0.7050260046875 0.6070899109375001 0.7281198921875001 0.5573316734375 0.731918890625 0.49039975937499997 0.45060677812499994 0.297143653125 0.2965002546875 0.3753134375 0.285470578125 0.48195266875 0.35958175468750003 0.5457190296875 0.5444194171875 0.65310675 0.5782269859375 0.61068708125
4 0.7227394765625 1 0.7209797890625 0.9860398453125001 0.7373642953124999 0.9412962796875 0.56469349375 0.9304321234374999 0.5141934734375 0.8986676390625 0.45526621875 0.916531903125 0.418390265625 0.9540232296875001 0.4139611796875 1 0.7227394765625 1
4 0.40094191874999996 1 0.40980905468750006 0.94418811875 0.45157389375 0.9066536328125 0.5300566843750001 0.88861671875 0.5921589984375 0.7988706140625 0.5771843999999999 0.680072378125 0.3765861765625 0.6223781484375001 0.1513261609375 0.8349728593749999 0.1507495203125 0.9662969796875001 0.2415778765625 1 0.40094191874999996 1
4 1 0.9091635671875 0.9484709015625 0.9270439234375001 0.93692395625 0.9519230406249999 0.9002573249999999 0.952246753125 0.8675949921875 0.9649237046874999 0.7905694015625 0.9556928593749999 0.7289183078125 1 1 1 1 0.9091635671875
4 1 0.8569947499999999 0.8960004328125001 0.7243343234374999 0.8410814953125 0.638099065625 0.7267140125 0.6044207171875 0.67512008125 0.6222202421875 0.6207184140625001 0.6177450953125 0.581295371875 0.6156154265625 0.5530006249999999 0.6629418593749999 0.575000603125 0.6627476328124999 0.60318465 0.8086841421875001 0.678646359375 0.9219929312499999 0.7434497375 0.9313316828125 0.7417318859375001 0.9759457640625 0.7960309031249999 0.9407783375 0.8687915500000001 0.9550022703125001 0.898697471875 0.9398719390625001 0.9310991609375 0.9445413125 0.9475349874999999 0.9196190328125 1 0.8945140484375 1 0.8569947499999999
4 0.49330752968749997 0.267034059375 0.46615801875 0.284617771875 0.551918790625 0.363147590625 0.6357564109375 0.407006340625 0.6895854609375001 0.42635284531249995 0.6854785156250001 0.3743570359375 0.6970254609375 0.34947792031249997 0.736085209375 0.3293113390625 0.61241395 0.1247526203125 0.42637570468749997 0.14373909375 0.4235126203125 0.21809589687500003 0.49330752968749997 0.267034059375
4 0.9714005359375 0.259675465625 0.9635249968749999 0.250494128125 0.9116190968750001 0.26581868750000004 0.7803458140624999 0.3115765578125 0.740350153125 0.3243182484375 0.7025382875 0.354384684375 0.6968161375 0.38664553125 0.6969187875 0.426288103125 0.7549061078125 0.5174517109375001 0.7675982859375 0.4628298703125 0.8045255640625 0.44515983124999997 0.8702648546875 0.46192347343750007 0.93969646875 0.4885653828125 0.9988709390625001 0.47760689218749997 0.9714005359375 0.259675465625
4 0.267423571875 0.47467884375 0.24141929687500002 0.4625198359375 0.2105774625 0.4702252765625 0.0187504265625 0.5821893640625 0.040223721875 0.75254381875 0.151898778125 0.8201015 0.3799152078125 0.6099601703124999 0.4257869890625 0.6244214953125 0.389902296875 0.572706234375 0.267423571875 0.47467884375
4 0.30279501875000003 0.3281812296875 0.006588746875 0.2964936296875 0.0116934203125 0.5262038890625 0.014633245312500001 0.54952645625 0.0549624078125 0.55584153125 0.23985944374999998 0.4501450203125 0.28177825312500004 0.47207439687499997 0.30279501875000003 0.3281812296875
4 1 0.5131668328125001 0.8060854171875 0.4575346484375 0.779247878125 0.47759332499999996 0.7677522578125 0.5222937296875 0.7442950749999999 0.54975571875 0.7184447734375 0.5970605703125 0.8536156765625 0.640466125 0.8956884625000001 0.721859359375 0.9538851015625 0.7758553546875 1 0.7878666078125 1 0.5131668328125001
4 0.10048296875 0.19864832500000001 0.1337652203125 0.3073740625 0.309504403125 0.32316656093749996 0.3160044671875 0.355319503125 0.49242294218750005 0.2794304546875 0.25734590625 0.12293192500000001 0.10048296875 0.19864832500000001