1 0.5330597546875 0.61182071875 0.4408206453125 0.6329017203125 0.41762897812500005 0.7009025171875 0.39293192499999996 0.812448928125 0.47698264999999995 0.8076398796875001 0.5811220421875001 0.78759575625 0.61388351875 0.703096728125 0.6348528078125 0.613063903125 0.6115847750000001 0.6079167765625 0.5330597546875 0.61182071875
1 0.7490340484375 0.4614778359375 0.7226104515625 0.3777148734375 0.7047600218750001 0.376159553125 0.6679702953125 0.4374292890625 0.6124733250000001 0.5137078203125001 0.603952721875 0.56288173125 0.6486511921875 0.64962355625 0.690911090625 0.723327190625 0.7577758140624999 0.65115890625 0.7903131734375 0.5950649203125 0.7490340484375 0.4614778359375
1 1 0.7308715015625 0.9845982296875 0.7364372515625 0.9237996765625001 0.7852158453125 0.9244165109375 0.8358791906249999 0.9277803296875 0.924912403125 0.9415787140624999 0.9614720578125 0.9999228359375 0.9384776875 1 0.9384687046875 1 0.7308715015625
1 0.71222348125 0.31372116875 0.686268965625 0.3821745203125 0.7656111453125 0.45876251406249996 0.8330530406250001 0.5343136265624999 0.8595321671875 0.48219811718749994 0.8992166328125 0.357745284375 0.8525883375 0.3131255234375 0.7331005375 0.189362840625 0.71222348125 0.31372116875
1 0.7448084328125 0.1411599234375 0.7357106546875001 0.0426144359375 0.694159821875 0.0538996546875 0.605100075 0.09536285781250001 0.5330418671875 0.135534290625 0.5346236140625 0.1651366046875 0.5463602812499999 0.3065488703125 0.5402782484374999 0.36876097812499997 0.590333821875 0.34712426875 0.6672850296874999 0.2942068078125 0.71457775 0.2730226515625 0.7448084328125 0.1411599234375
1 0.5240175015624999 0.3773967609375 0.468860671875 0.4013621234375 0.43705617500000005 0.48421132968749997 0.4247998796875 0.5743100375 0.4375331875 0.6170164312499999 0.5380608437500001 0.59457776875 0.5961967109375 0.5611660234375 0.625454546875 0.46977553906249997 0.6228473828125 0.34926391562500003 0.5240175015624999 0.3773967609375
1 0.40677292343750004 0.48469249999999997 0.349285621875 0.491122753125 0.274348540625 0.5556548671875 0.23841563593749998 0.6003604828125 0.27842936093750004 0.7102657156250001 0.3031631125 0.7689232828125 0.31230848437500003 0.7510015078125 0.3877701671875 0.7028072375 0.41211121093749997 0.6823964124999999 0.412675478125 0.6016782015625 0.40677292343750004 0.48469249999999997
1 0.16296483125 0.3618835109375 0.107800071875 0.40526008750000003 0.14133111874999998 0.5177202546874999 0.1544809375 0.5812614015625 0.19146305624999999 0.5692314703125 0.2797820125 0.52042425625 0.316447778125 0.50247385625 0.3006432046875 0.43488834374999996 0.273062303125 0.32294661874999997 0.16296483125 0.3618835109375
1 0.4894134515625 0.29049454375 0.4832947109375 0.18250267343749998 0.435369290625 0.19184590625 0.33217894375 0.22965141406249998 0.310276471875 0.2631004328125 0.3170279078125 0.3829332265625 0.32803964531249996 0.47817906250000003 0.39468024687500003 0.43441582500000003 0.44271376250000005 0.4205756796875 0.477473503125 0.3865137140625 0.4894134515625 0.29049454375
1 0.19553392187500002 0.22814468593749998 0.1642411203125 0.09889412343750001 0.0921829140625 0.13906555468749998 0.0155701 0.1751636203125 0.0342800390625 0.3856504421875 0.0930447109375 0.3703502546875 0.199214090625 0.3230983609375 0.2196191109375 0.3137837484375 0.19553392187500002 0.22814468593749998
1 0.247155378125 0.2749327046875 0.29743507187499996 0.224890953125 0.372696434375 0.1468680953125 0.3695073265625 0.0359676265625 0.201011578125 0.06356715156250001 0.20884735937499999 0.15131044375 0.247155378125 0.2749327046875
1 0.40365204062500004 0.0611717953125 0.40784889062499996 0.1918745234375 0.5056216265625 0.150477203125 0.578953165625 0.1145764140625 0.5889553515625 0.0800905171875 0.5985781828125 0.031037387500000003 0.4474478859375 0.0232010015625 0.44686643125 0.02329624375 0.41726596718750003 0.0290804421875 0.40365204062500004 0.0611717953125