1 0.32072397812500003 0.27646342968750004 0.40183037187500004 0.21364975468749997 0.4697205953125 0.19300050468750002 0.5462254062499999 0.2560058640625 0.5201865375 0.14689559531250002 0.3491561109375 0.11257424687499999 0.252228446875 0.173543059375 0.20637066874999999 0.27436491875 0.2514326984375 0.319706646875 0.3399521171875 0.341645315625 0.32072397812500003 0.27646342968750004
1 0.6031113343750001 0.522491778125 0.6970341109375 0.43793914218749996 0.6685948484375001 0.4062476734375 0.46110929531249994 0.19961389062499998 0.41404693124999997 0.2187878265625 0.33234016093749996 0.29343386875 0.35797621875 0.3402239421875 0.4340804125 0.401087765625 0.526207828125 0.5100012171875 0.6031113343750001 0.522491778125
1 0.292499559375 0.6445263578125 0.310923996875 0.637724184375 0.31933388906250004 0.5999507015625001 0.3385562734375 0.507163603125 0.46772656875 0.430529821875 0.3703933546875 0.353955115625 0.2818744875 0.34706111093750003 0.26365145 0.38502338125 0.2191947296875 0.4632512703125 0.19756811406250002 0.5281445140625001 0.2324163859375 0.5715334984375 0.292499559375 0.6445263578125
1 0.443504459375 0.7146954125 0.50078113125 0.7125188859375 0.51940533125 0.6917428171875 0.590895875 0.5474430359375 0.5718699625 0.535988246875 0.493162590625 0.4837714578125 0.459315303125 0.430691640625 0.346766684375 0.49088635312499995 0.33094705625 0.5341754843750001 0.3159314078125 0.6569710046874999 0.4072556734375 0.7089450609375 0.443504459375 0.7146954125
1 0.5181837359375 0.1437102703125 0.5914858265625 0.2497620296875 0.6643862031250001 0.3235829296875 0.6858147046874999 0.31779757656249996 0.7863489968749999 0.3061918890625 0.8494318375000001 0.2598442515625 0.8270001546874999 0.215141771875 0.772724528125 0.13558946562500002 0.6771943515625 0.0761739859375 0.650723728125 0.0674824609375 0.5690564640625 0.0590132625 0.5181837359375 0.1437102703125
1 0.828617421875 0.6299138656250001 0.9201395296875001 0.6152576953125 0.8672578296875001 0.3175307734375 0.8456287421875001 0.3147230203125 0.759713046875 0.29918198125 0.631944078125 0.36074413125000004 0.66979751875 0.435239271875 0.6940333421875 0.5271903078125 0.7396979406249999 0.620878328125 0.828617421875 0.6299138656250001
1 0.8836920828125001 0.6535705734375 0.806988609375 0.6346284437499999 0.6920341046875 0.6217952999999999 0.648377790625 0.6817392609375 0.6153363953125 0.760822159375 0.604525003125 0.8459251125 0.6904415187499999 0.884033146875 0.819815415625 0.8987381234375 0.8532549578124999 0.7540957640625 0.8836920828125001 0.6535705734375
1 0.8987744984375 1 0.908536509375 0.9593592203125001 0.8540616765625 0.9088254828125001 0.7389068625 0.8949215718750001 0.6567994734375 0.967426084375 0.6211444109375 1 0.8987744984375 1
1 0.601486546875 1 0.689641934375 0.9248840812499999 0.7004552421875 0.8924374609375001 0.5951127484375001 0.8557777640625 0.5158080234375 0.8981390046875 0.3966509 0.9681324296874999 0.42195021875 1 0.601486546875 1
1 0.5418372875 0.743967625 0.4344944625 0.7718235953125 0.330356284375 0.8092894890625001 0.36260193281249997 0.8763701796875001 0.38463245625 0.9038864609375 0.4745529265625 0.9032311625 0.5939109031250001 0.849353165625 0.6109301781250001 0.752309971875 0.5418372875 0.743967625
1 0.5692667859375 0.5446352828125 0.5452386765624999 0.6568579921875 0.5252136984375 0.707750365625 0.4284844234375 0.7171336171875 0.432691971875 0.7697090328125 0.520008171875 0.74761144375 0.6201407546875 0.7037748859375 0.700246434375 0.65817438125 0.6816183953125 0.573637796875 0.5692667859375 0.5446352828125
1 0.1761429015625 0.6241978546875 0.2208056890625 0.7050097140625 0.23963156875 0.7229160703125 0.255053865625 0.7677533953125 0.3722109328125 0.7697979703125 0.390034175 0.7522611640625 0.376615496875 0.7331761593749999 0.38142123125 0.7137405546875 0.3647979125 0.685045625 0.30551734218750004 0.6539474921874999 0.3103222546875 0.6119448875 0.26385943749999996 0.5967194609375001 0.2037770890625 0.5462935984375 0.1761429015625 0.6241978546875