3 0.18042770156250001 0.5142032953125 0.2873260125 0.4995305140625 0.2878640171875 0.4797584953125 0.240550121875 0.47015837187500004 0.232759721875 0.4583130875 0.217569453125 0.4392658890625 0.210650596875 0.40364986875 0.21824319062500003 0.36990766875 0.2394756890625 0.3618100203125 0.2636044453125 0.35629096250000003 0.25147299375 0.3098973984375 0.172744453125 0.31589857499999996 0.142141028125 0.3297674515625 0.18042770156250001 0.5142032953125
3 0.2686597328125 0.7486294703125 0.32194378437500004 0.7279522421875 0.2684031859375 0.57718790625 0.24431967187499998 0.566178225 0.17765384374999998 0.5847600749999999 0.18918696562499998 0.6729639734374999 0.2686597328125 0.7486294703125
3 0.376887271875 0.8965346078125 0.42595600468750006 0.883764075 0.44456878906249997 0.86044703125 0.41596658125 0.8503236078124999 0.3975766796875 0.8216773749999999 0.39279985625 0.7990144578125 0.38530108125 0.769018796875 0.33148235625 0.7787876546875 0.2824069578125 0.8529189765625 0.3235546421875 0.9644209640625 0.36723646875 0.9456270281249999 0.376887271875 0.8965346078125
3 0.3786538546875 0.8993347671875 0.36420781406249997 0.9619542421875 0.3736698625 0.9760030078125 0.4286070140625 0.97111970625 0.4421468828125 0.890815121875 0.3786538546875 0.8993347671875
3 0.44394362656249997 0.8825961250000001 0.43249274687500006 0.9705879375 0.43259904374999997 0.9707648593749999 0.6054643921875 0.9553990499999999 0.5270349671875 0.844272865625 0.44394362656249997 0.8825961250000001
3 0.5010942171874999 0.59841610625 0.48778451250000004 0.5994532296874999 0.4650335640625 0.7203410734375 0.603088553125 0.931622209375 0.67751795 0.9052244046875 0.7082486890624999 0.78591811875 0.6017005796875 0.6431902109375 0.50235295625 0.6099691296875001 0.5010942171874999 0.59841610625
3 0.41347418437499994 0.729666803125 0.43507371250000004 0.6758708875 0.42017506875 0.6386733125 0.40967447031250004 0.644666103125 0.328165240625 0.517480459375 0.309366396875 0.5203808328124999 0.26833111249999997 0.5740554015625 0.3380441765625 0.7680607562499999 0.38541839843750003 0.7556225671875 0.38586925 0.738227621875 0.41347418437499994 0.729666803125
3 0.38127323281250003 0.3843453796875 0.3151152484375 0.3941743640625 0.2952370578125 0.467299171875 0.4105728421875 0.6405566046875 0.47844041718749997 0.6248856968750001 0.4966777546875 0.5914157109375 0.48634638125 0.5061227500000001 0.41829275 0.5013769921875 0.38127323281250003 0.3843453796875
3 0.354350453125 0.3793991875 0.3842515609375 0.298015296875 0.3015170859375 0.11757708124999999 0.234274671875 0.11109889531249999 0.20735697968750003 0.19268430625 0.28361678437500004 0.381472346875 0.354350453125 0.3793991875
3 0.572694178125 0.22093621875 0.48976873125 0.19865412031250002 0.37994242031250003 0.369659853125 0.42152254375 0.4999568671875 0.4897354046875 0.505458059375 0.4883174375 0.4931496078125 0.53579389375 0.4728247671875 0.6242821359375 0.3484837265625 0.572694178125 0.22093621875
3 0.65770325 0.66052611875 0.7285424859375 0.6198859156250001 0.712569409375 0.47433998749999995 0.580734459375 0.4655838515625 0.4914600765625 0.4941065578125 0.5045402265625001 0.606393496875 0.65770325 0.66052611875