1 0.7016667953125 0.3845189875 0.6839455359375 0.34692325625 0.6469072125 0.321073196875 0.6152601390625 0.3290515953125 0.5995211375 0.3585001625 0.6043175390625 0.425158565625 0.6242097859375 0.48065014375 0.6560017765625 0.5163163890625 0.686623734375 0.5175753390625 0.7121639453124999 0.4722279171875 0.713832215625 0.44470883125 0.7016667953125 0.3845189875
1 0.630419478125 0.12502446250000002 0.5680296828125 0.09537337343749999 0.5413677484375 0.120861715625 0.5454485375 0.1839795359375 0.5717329953125 0.2567881109375 0.601784259375 0.298151125 0.6400847359374999 0.2801635890625 0.6585654296875 0.22850680625000003 0.65565466875 0.199796275 0.647782928125 0.16084990625 0.630419478125 0.12502446250000002
1 0.6656625515625 0.5641142078125 0.6570313718749999 0.6144203515625 0.655241353125 0.6727808671875 0.6551260625 0.6765396796875 0.665884409375 0.7369224734375 0.6969607875 0.769048140625 0.7370261484375 0.752637953125 0.7527409953124999 0.715915275 0.74367506875 0.63528750625 0.7203013687500001 0.5911894609375 0.6966423171875 0.5671434484375 0.6656625515625 0.5641142078125
1 0.5884274031250001 0.8330536296875 0.6165733546875 0.93653596875 0.6532780218750001 0.9678898437499999 0.699044134375 0.9725301765625 0.7234867703125001 0.9145977796875 0.7201215984375 0.8550205343749999 0.7002293500000001 0.7995289640625 0.65257759375 0.7569407531250001 0.61177246875 0.7625362578125 0.5884274031250001 0.8330536296875
1 0.6253315140625 0.500509225 0.5769882953125001 0.461654540625 0.5464629484375 0.4894920171875 0.5279581062500001 0.5338746984375 0.541530603125 0.59387159375 0.5617565015625 0.6438593499999999 0.5889694640625 0.67833415 0.6171592328125 0.6890233953125 0.6403397171874999 0.6749285859375 0.6631820578125 0.5589962828124999 0.6511374 0.5351769734375 0.6253315140625 0.500509225
1 0.5504819796875 0.2160377015625 0.527180734375 0.19376197343749998 0.47857632656250004 0.182233428125 0.44914855 0.22265588125 0.46391522656250006 0.3243341796875 0.4954460171875 0.3873265625 0.531817034375 0.4241842546875 0.5655626453125 0.412279384375 0.5901018890625 0.3834434109375 0.5986606109375 0.31131494531250004 0.5915527843749999 0.290457365625 0.5504819796875 0.2160377015625
1 0.42741447812500005 0.0364233328125 0.4480706453125 0.1100037 0.4644089828125 0.1550664859375 0.49293240781250003 0.16025191562500002 0.5207160640625 0.15462265625 0.55462625625 0.08629522187500001 0.54980570625 0.0123627109375 0.5497647999999999 0.0122169953125 0.4606491484375 0.010236648437499999 0.4259487015625 0.0149950328125 0.42741447812500005 0.0364233328125
1 0.5416272125 0.622968021875 0.5074271859375 0.6040061734375 0.46173353281249996 0.62118815625 0.448213828125 0.683080784375 0.43896365 0.7589427796875 0.47865153281249995 0.8408295015625 0.5174305828125 0.860982790625 0.5546576437499999 0.8376843921875 0.5893559078124999 0.794719859375 0.5873495015625 0.72040145 0.57277604375 0.67691600625 0.5416272125 0.622968021875
1 0.624833296875 1 0.645981459375 0.9961807234375 0.6282602046875 0.9585849906250001 0.5887172359374999 0.9203429078124999 0.5499140328125 0.8929155109375 0.5236582109375 0.9347223515625 0.5167919140625 0.9866058437499999 0.5182979750000001 1 0.624833296875 1
1 0.5145229765625 1 0.514645075 0.9759841078125 0.4834720859375 0.9147620125 0.43830082499999995 0.8772917234375001 0.41174352968749994 0.883856971875 0.405246678125 0.885463065625 0.37450520625 0.92158725 0.370190609375 0.9266573109375 0.3657266203125 0.9389133140625001 0.3646106234375 0.94197731875 0.35345064531250003 0.972617328125 0.34837929375 1 0.5145229765625 1
1 0.40789175625 0.8341584187500001 0.41261121562499997 0.77165319375 0.39734629843749997 0.7319012796875 0.349288434375 0.672994565625 0.30941181093750003 0.6402563015625 0.30805304375000003 0.6549974625 0.2682730328125 0.651355621875 0.227255015625 0.6988254765625 0.2553285046875 0.7804854953125 0.27736759218749996 0.8465988078125 0.3007896 0.9052450640625 0.3329152453125 0.9354074953125 0.3470101296875 0.9407521171875001 0.39816300625 0.8718795921875 0.40789175625 0.8341584187500001
1 0.5099031953125001 0.5017827828125 0.5124999671875 0.43592992500000005 0.5005036171875 0.426658828125 0.45687985937500003 0.3252989234375 0.41950788125000005 0.3049526796875 0.366396903125 0.3140550109375 0.329624259375 0.3682201296875 0.335015509375 0.40204857812499994 0.347156778125 0.45496431406250004 0.34862480156250003 0.4795712046875 0.3520014828125 0.5361709328125001 0.3893976125 0.5637912765624999 0.4408161703125 0.574933928125 0.4914225046875 0.5534395703125 0.5099031953125001 0.5017827828125
1 0.2875918296875 0.110177503125 0.309200653125 0.152698209375 0.3192675390625 0.21681452812500002 0.348197078125 0.23831845624999998 0.3946304953125 0.23195115781250003 0.43459924531249994 0.186444540625 0.438221134375 0.1113543390625 0.43175646093750003 0.0722150234375 0.4185900796875 0.02853663125 0.409202096875 0.017291453125 0.2813048828125 0.034829678125 0.2698947265625 0.07985588125000001 0.2875918296875 0.110177503125
1 0.3502804265625 0.441800496875 0.322970853125 0.37822926875 0.29823838125 0.34887238125 0.24782078593749998 0.3212182828125 0.1988585703125 0.30791944843749997 0.18011916249999999 0.3200909984375 0.16690199375 0.32867576718749997 0.17351158125 0.411459728125 0.18753849375 0.5023233359375 0.2026146734375 0.5912237124999999 0.23970129999999998 0.6316219796875 0.2787898484375 0.6389973453125 0.32581811875 0.5998000953125 0.3551734390625 0.5375553265625 0.3502804265625 0.441800496875
1 0.255896453125 0.1036076859375 0.255494825 0.19463049375000002 0.23803924843750002 0.23704993437500002 0.21130485625 0.2407159546875 0.155665078125 0.23015214843749998 0.17348294375 0.2968443078125 0.25204200781249997 0.3206394375 0.292774675 0.2932216171875 0.32115318125000003 0.254762403125 0.29465135 0.11648686875 0.26810569375000004 0.07100443125 0.255896453125 0.1036076859375