3 0.3096832578125 0.66952241875 0.310595628125 0.6537532640625 0.2846275109375 0.62749311875 0.278860025 0.6620441171875 0.1913288640625 0.7630611078125 0.1688722375 0.752736165625 0.153927384375 0.8743881796874999 0.2283626359375 0.9819700421875 0.26213026875 0.9832375000000001 0.3641065046875 0.855938184375 0.3660951078125 0.7685673421875 0.3096832578125 0.66952241875
3 0.3203000921875 0.5434937140625 0.31088505781250003 0.6653532875 0.418466446875 0.850603646875 0.5169614109375 0.7542124218749999 0.517842125 0.6425681140624999 0.44228961718750004 0.5090908296875 0.416030146875 0.44699870625000004 0.412470740625 0.433168825 0.3203000921875 0.5434937140625
3 0.159153259375 0.3773039921875 0.13482013125 0.3521587765625 0.05585109687499999 0.4903717421875 0.0252310765625 0.619863875 0.1895022046875 0.7703674640625 0.27825912656249996 0.664128684375 0.29274683281249997 0.5382452703125 0.27716558125 0.5176427921875 0.169501821875 0.506226746875 0.159153259375 0.3773039921875
3 0.6462239953125 0.5704770031249999 0.610791003125 0.6439498015625 0.55188164375 0.58168573125 0.5335211390625 0.6831919015625 0.5320654046875 0.820100065625 0.681855475 0.87734683125 0.685774265625 0.8753868015625 0.7330297375 0.720180075 0.72256138125 0.596520621875 0.6462239953125 0.5704770031249999
3 0.789210565625 0.6348433203125 0.753012809375 0.7662332140625 0.7664137875 0.8826278203125 0.9084860703125001 0.9385313390625001 0.9683642875 0.7880126421875 0.9430871406250001 0.682761428125 0.8772084937500001 0.6592174953125001 0.82059255 0.7150382359375 0.789210565625 0.6348433203125
3 0.1536377828125 0.25488400625 0.15850251875000002 0.357261925 0.16264655781249998 0.466987715625 0.16575074218750002 0.5008181515625 0.3082523625 0.513541825 0.3200489609375 0.4086286015625 0.31955439218750004 0.23582619375 0.3243836265625 0.19386505468749998 0.306542528125 0.17528487343750002 0.306393003125 0.10890497968749999 0.3039136796875 0.0719373171875 0.30408139218749997 0.06456869062500001 0.195792775 0.056289873437500006 0.180237403125 0.0588666890625 0.1735316671875 0.08600755 0.1581018625 0.156016921875 0.1553388765625 0.18014509218750002 0.1536377828125 0.25488400625
3 0.6732165765625 0.47877687656249995 0.6789840640625 0.44422587656249996 0.668279965625 0.3795569390625 0.6456537015625 0.3523686703125 0.587634671875 0.2996200640625 0.5458457140624999 0.2632840453125 0.5129044656249999 0.22728012656250002 0.44709104687499995 0.41971844531249997 0.4491889484375 0.49776063437499996 0.6104057359375 0.63656041875 0.6458387265625001 0.5630876203125 0.6732165765625 0.47877687656249995
3 0.93193061875 0.37048890156250003 0.793928578125 0.40323719999999996 0.7566171640625 0.43765776875 0.7487077046875 0.4447358125 0.7439723796875 0.4582543546875 0.751526303125 0.5154301296875 0.7644883234375001 0.5538448171875 0.774901065625 0.5826817765625 0.8179953546875 0.7075658296875 0.915001009375 0.6279756640625 0.9844792890624999 0.5663163453125 0.93193061875 0.37048890156250003
3 0.9732949609375 0.206632571875 0.9765831234375 0.135113909375 0.9705463156249999 0.10854832031249999 0.9362317093750001 0.035618250000000004 0.7946721875 0.07876861874999999 0.7499362640625 0.171909875 0.7290226328125 0.215374409375 0.7320607109374999 0.3250586875 0.75067619375 0.4068815375 0.9486159140625 0.3669009390625 0.9627020859375 0.3316086171875 0.9732949609375 0.206632571875
3 0.5882687484375 0 0.5435963625 0.0946300125 0.5523559312499999 0.1961005609375 0.6734206671875 0.3239112109375 0.6871714156250001 0.3033561421875 0.6964264296875 0.285793003125 0.7964748859374999 0.0725149234375 0.83640553125 0.020282143750000002 0.832873921875 0.0044014984375 0.7156090749999999 0 0.5882687484375 0
3 0.32049606875 0 0.3031431421875 0.057158554687499995 0.3076724515625 0.174273725 0.455280321875 0.3030806640625 0.57980496875 0 0.32049606875 0
3 0.5165366640625 0.9927865625000001 0.7912059375 0.9887173875 0.7917628125 0.9847210515624999 0.7767527328125 0.8903908093749999 0.763577003125 0.885682021875 0.7567437765625 0.821158378125 0.7080813671875 0.8193318515625 0.6823365781249999 0.8805255687500001 0.5472853484375 0.8322605046874999 0.36533226406249997 0.85071639375 0.36446781562499997 0.8643802265625 0.30749248749999997 0.935990878125 0.3014385609375 0.984712925 0.5165366640625 0.9927865625000001