1 0.1614307109375 0.1645746171875 0.1771035953125 0.246861925 0.201396565625 0.29567642968749996 0.24057877656249999 0.336122734375 0.27897734375 0.2928870296875 0.3408852375 0.2733612265625 0.3330487953125 0.14923291562500002 0.29151565156250003 0.06555090625 0.2249058921875 0.0543933046875 0.1943437671875 0.092050209375 0.1614307109375 0.1645746171875
1 0.081499 0.44072524375000005 0.0940373078125 0.5118549515625 0.13243587343750002 0.5481171546875 0.1935601234375 0.5495118546875 0.23587691249999998 0.49093444843749995 0.24919886406249997 0.3905160390625 0.24136242187499998 0.34867503437499997 0.212367584375 0.28033472812500004 0.16378164374999998 0.25523012500000003 0.1261667203125 0.284518828125 0.0830662875 0.34867503437499997 0.081499 0.44072524375000005
1 0.0501532296875 0.7615062765625 0.0893354421875 0.8410041843749999 0.13870502812500002 0.8702928875 0.20296385468749997 0.8284518828125 0.22255495937499997 0.7698744765625001 0.21471851718749999 0.656903765625 0.200612921875 0.589958159375 0.1661325765625 0.55648535625 0.1261667203125 0.5481171546875 0.0932536625 0.56903765625 0.057206028124999996 0.68758716875 0.0501532296875 0.7615062765625
1 0.3996585546875 0.5174337515625 0.4098459296875 0.596931659375 0.45216271875 0.6527196656250001 0.5015323046875 0.662482565625 0.54698366875 0.6052998609375 0.5665747750000001 0.5411436546874999 0.5595219765625 0.4504881453125 0.5250416312499999 0.3737796375 0.4811575546875 0.3709902375 0.4357061890625 0.3947001390625 0.40279313125 0.4532775453125 0.3996585546875 0.5174337515625
1 0.3017030265625 0.1255230125 0.3385343046875 0.1966527203125 0.3722310078125 0.2008368203125 0.407494996875 0.14923291562500002 0.45921551562499996 0.1436541140625 0.46313373750000003 0.0516039046875 0.449028140625 0.0027894 0.3103231140625 0.0013947 0.2962175171875 0.048814504687499996 0.3017030265625 0.1255230125
1 0.5940023234375 0.1255230125 0.6300499578125 0.1757322171875 0.654342928125 0.2608089265625 0.706063446875 0.253835425 0.746029303125 0.1966527203125 0.7593512546875 0.12273361249999999 0.7428947265625 0.033472803125 0.7084143796875 0.0013947 0.6371027546875 0.0027894 0.62848266875 0.015341701562499999 0.6002714765625 0.07670850781250001 0.5940023234375 0.1255230125
1 0.7138998890625 0.55648535625 0.7186017546875 0.6150627609375 0.7499475234374999 0.69177126875 0.8024516875 0.7294281734375 0.8345811 0.7433751749999999 0.8831670421875 0.6638772656249999 0.885517975 0.5495118546875 0.8533885609375 0.472803346875 0.8102881296875 0.44211994375 0.7820769375000001 0.44211994375 0.7397601484375 0.49232915000000005 0.7138998890625 0.55648535625
1 0.1935601234375 0.9553695953125001 0.190425546875 0.9930265 0.3690964296875 0.9916317984375 0.3777165171875 0.9205020921875 0.345587103125 0.8465829843750001 0.3165922671875 0.8019525796875 0.2648717484375 0.8019525796875 0.23744420000000002 0.81868898125 0.20453114218750001 0.8772663875 0.1935601234375 0.9553695953125001
1 0.531310784375 0.93165969375 0.5336617171875 0.9930265 0.7115489562499999 0.9902370984375001 0.6974433609374999 0.93305439375 0.64885741875 0.8549511859375001 0.5838149484375 0.8605299859375 0.546200025 0.8870292890625 0.531310784375 0.93165969375
1 0.34010159375 0.725244071875 0.32834693125 0.7949790796875 0.3534235453125 0.8605299859375 0.39417304531249997 0.93723849375 0.44354263125 0.8926080890625 0.48585942031249996 0.8967921890625 0.49839772812499994 0.7838214781249999 0.488993996875 0.6987447703125 0.468619246875 0.661087865625 0.42238423750000004 0.6192468625 0.40279313125 0.6248256624999999 0.3596927 0.6666666671875 0.34010159375 0.725244071875
1 0.5532528234375 0.50209205 0.5665747750000001 0.5718270578125 0.6104588515625 0.594142259375 0.6418046203125 0.6345885640625 0.6974433609374999 0.5829846578125 0.7209526875 0.49790795 0.7209526875 0.43375174375 0.6927414953125 0.3668061359375 0.668448525 0.34867503437499997 0.6292663125 0.337517434375 0.6018387656249999 0.3640167359375 0.5634401984374999 0.398884240625 0.5532528234375 0.50209205
1 0.6480737750000001 0.836820084375 0.653559284375 0.8633193859375 0.6950924281249999 0.9232914921875001 0.715467178125 0.9888423984375001 0.763269475 0.9930265 0.8102881296875 0.9539748953125 0.8259610140625 0.8103207812500001 0.8055862640625 0.725244071875 0.756216678125 0.6764295671875 0.7084143796875 0.6861924687500001 0.6700158125 0.7350069734375 0.6480737750000001 0.836820084375
1 0.1974783453125 0.6206415625 0.220204028125 0.723849371875 0.23744420000000002 0.7838214781249999 0.268006325 0.8075313812499999 0.3173759109375 0.8075313812499999 0.344803459375 0.7670850765624999 0.36361092031250003 0.6778242671875 0.38241838281249996 0.6304044625 0.33931795 0.5481171546875 0.304053959375 0.5062761499999999 0.272708190625 0.5062761499999999 0.22098767187499999 0.5397489546875 0.1974783453125 0.6206415625
1 0.2335259796875 0.412831240625 0.24684793124999999 0.49651325 0.304053959375 0.49790795 0.3377506609375 0.5397489546875 0.36204363281249996 0.5815899578125 0.3980912671875 0.47419804687499995 0.3980912671875 0.39191073906249996 0.36204363281249996 0.3026499296875 0.324428709375 0.2733612265625 0.28916471875 0.288702928125 0.251549796875 0.3249651328125 0.2335259796875 0.412831240625
1 0.3526399015625 0.274755928125 0.3832020265625 0.336122734375 0.40827864218750004 0.41980474218749997 0.4662683140625 0.3793584375 0.5085851031249999 0.347280334375 0.49604679531249996 0.24267782499999999 0.47332111250000003 0.16178521562499998 0.437273478125 0.1464435140625 0.40044219999999997 0.16178521562499998 0.3730146515625 0.20362622031250002 0.3526399015625 0.274755928125
1 0.5023159484375 0.24546722499999998 0.5125033234374999 0.338912134375 0.5407145156250001 0.40446304062499994 0.571276640625 0.4281729421875 0.60654063125 0.3528591359375 0.664530303125 0.341701534375 0.655126571875 0.2287308234375 0.6261317359375 0.14923291562500002 0.5830313031250001 0.1255230125 0.550118246875 0.1380753140625 0.5125033234374999 0.1771269171875 0.5023159484375 0.24546722499999998
1 0.6762849671875 0.347280334375 0.7138998890625 0.4156206421875 0.7334909953125 0.4867503484375 0.8008843984375 0.44211994375 0.8306628796875 0.43514644375 0.8447684750000001 0.31520223125 0.8149899953125 0.2412831234375 0.7781587156249999 0.1980474203125 0.72016904375 0.216178521875 0.6919578515625 0.2691771265625 0.6762849671875 0.347280334375
1 0.4921285734375 0.714086471875 0.5038832375 0.7838214781249999 0.5446327375 0.8549511859375001 0.586949525 0.8675034875 0.6496410625 0.8493723843750001 0.665313946875 0.7364016734375001 0.6347518234375 0.6262203625 0.58773316875 0.588563459375 0.55560375625 0.5760111578125 0.5132869671875 0.6276150625 0.4921285734375 0.714086471875
1 0.3730146515625 0.9930265 0.5336617171875 0.9958159 0.5132869671875 0.9414225937499999 0.46940289062499996 0.8981868890625 0.43178796875 0.8800557875000001 0.3886875359375 0.9274755921875 0.3730146515625 0.9930265
1 0.49761408281249997 0.163179915625 0.541498159375 0.16178521562499998 0.5798967265625 0.13389121406249999 0.59635325625 0.1059972109375 0.6018387656249999 0.05857740625 0.5971369 0.040446304687500004 0.46156644843750005 0.0460251046875 0.46235009375 0.11994421250000001 0.49761408281249997 0.163179915625