1 0.2608089265625 0.26220362656249996 0.31659693125 0.3626220359375 0.3584379359375 0.4225941421875 0.4532775453125 0.4281729421875 0.529986053125 0.41980474218749997 0.5509065546875 0.411436540625 0.50488145 0.3305439328125 0.4490934453125 0.256624825 0.34309623437500003 0.253835425 0.2608089265625 0.26220362656249996
1 0.535564853125 0.463040446875 0.5578800562499999 0.50767085 0.6331938640625 0.5704323578125 0.6861924687500001 0.6220362625 0.7029288703125001 0.6178521625 0.7043235703125 0.535564853125 0.7057182703125 0.40446304062499994 0.6582984656249999 0.3570432359375 0.5732217578125 0.2998605296875 0.5536959546875 0.3751743375 0.535564853125 0.463040446875
1 0.7433751749999999 0.0753138078125 0.7656903765624999 0.158995815625 0.779637378125 0.2064156203125 0.8521617859375 0.24267782499999999 0.9246861921875 0.25523012500000003 0.9177126921875001 0.18828451875000002 0.8884239890625001 0.090655509375 0.8716875875 0.048814504687499996 0.8089260812499999 0.0516039046875 0.746164575 0.039051603125 0.7433751749999999 0.0753138078125
1 0.6666666671875 0.6192468625 0.711297071875 0.6792189671875 0.7670850765624999 0.7921896796875 0.8465829843750001 0.6582984656249999 0.8786610874999999 0.6094839609375 0.80474198125 0.49930265 0.7642956765625 0.45467224531249995 0.721059971875 0.535564853125 0.6666666671875 0.6192468625
1 0.529986053125 0.654114365625 0.5536959546875 0.711297071875 0.5829846578125 0.845188284375 0.589958159375 0.8730822874999999 0.6708507671875 0.899581590625 0.7684797765625 0.9246861921875 0.81171548125 0.9288702921875001 0.7921896796875 0.8354253828125 0.725244071875 0.716875871875 0.6736401671875 0.7043235703125 0.5843793578125 0.6666666671875 0.529986053125 0.654114365625
1 0.35983263593750003 0.4797768484375 0.3974895390625 0.5620641562500001 0.4518828453125 0.6345885640625 0.5118549515625 0.648535565625 0.6150627609375 0.659693165625 0.5829846578125 0.5467224546875 0.528591353125 0.465829846875 0.463040446875 0.44351464375000005 0.35983263593750003 0.43793584374999994 0.35983263593750003 0.4797768484375
1 0.18688981875 0.31659693125 0.17991631875 0.3751743375 0.1729428171875 0.4839609484375 0.22036262187500003 0.5202231515625 0.31101813125 0.56903765625 0.3682008375 0.56624825625 0.340306834375 0.45606694531249997 0.31659693125 0.3807531375 0.287308228125 0.3654114359375 0.2008368203125 0.33193863281249997 0.18688981875 0.31659693125
1 0.09762900937499999 0.5146443515625 0.1032078109375 0.5760111578125 0.1032078109375 0.6861924687500001 0.1687587171875 0.718270571875 0.285913528125 0.7377963734375 0.28033472812500004 0.6290097625 0.276150628125 0.56345885625 0.23570432343749997 0.5523012546875 0.1366806140625 0.5202231515625 0.09762900937499999 0.5146443515625
1 0.31101813125 0.6750348671874999 0.338912134375 0.788005578125 0.3695955375 0.8158995812500001 0.4797768484375 0.8354253828125 0.528591353125 0.836820084375 0.50348675 0.7350069734375 0.464435146875 0.6471408640625 0.42119944218749994 0.6206415625 0.3709902375 0.6150627609375 0.2942817296875 0.5843793578125 0.31101813125 0.6750348671874999
1 0.034867503125 0.715481171875 0.050209204687499995 0.81868898125 0.0739191078125 0.9135285906249999 0.1645746171875 0.93723849375 0.24546722499999998 0.963737796875 0.23849372343750003 0.838214784375 0.23709902343749997 0.754532775 0.214783821875 0.7489539749999999 0.099023709375 0.721059971875 0.034867503125 0.715481171875
1 0.2928870296875 1 0.46164574687500004 0.9930265 0.43235704375 0.8870292890625 0.337517434375 0.8256624828125 0.274755928125 0.7866108781250001 0.2733612265625 0.9079497906249999 0.2928870296875 1
1 0.4867503484375 0.962343096875 0.5090655515625 0.9902370984375001 0.7015341703125 0.9958159 0.659693165625 0.9163179921875001 0.6401673640625 0.8856345890625 0.55927475625 0.8633193859375 0.4532775453125 0.8396094843749999 0.4867503484375 0.962343096875