3 0 0.698878253125 0.0907739578125 0.659908215625 0.1429042046875 0.5201579953125 0.0790878875 0.4392182453125 0 0.4762883734375 0 0.698878253125
3 0 0.4734862203125 0.1249410671875 0.41115827656250004 0.16338688437499999 0.295859428125 0.103586446875 0.2266375171875 0.1234564703125 0.1969674765625 0.071535534375 0.1389902828125 0.06409048125 0.14231084375 0 0.361004046875 0 0.4734862203125
3 0.3569514921875 0 0.1763670640625 0.0958637328125 0.1122843453125 0.231912009375 0.2192095046875 0.35641123750000003 0.5216945234375 0.194925815625 0.5691617812499999 0.03931059375 0.538971684375 0 0.3569514921875 0
3 0.4824874484375 0.48759205312500004 0.5165557640625 0.355454040625 0.48973882812499997 0.32938792499999997 0.4981702640625 0.313328225 0.438655315625 0.2431321546875 0.2174965734375 0.362256203125 0.19852106875 0.3443870625 0.17077155 0.362812390625 0.1281195328125 0.49881913593749994 0.2240057796875 0.5974333296875 0.4824874484375 0.48759205312500004
3 0.057584798437499994 0.7617452203124999 0.133639075 0.8454127546875 0.400418953125 0.73267690625 0.4436990515625 0.623125671875 0.42797812031250004 0.6036839828125 0.433288209375 0.576031703125 0.39876306562499997 0.5286034890625 0.2228257609375 0.5982822296875 0.19239263125 0.5686673375 0.10899180312500001 0.61175235625 0.084744290625 0.6722476796875 0.057584798437499994 0.7617452203124999
3 0.4937043859375 0.682668075 0.43236233281249997 0.7045026328125 0.396581084375 0.8424856093749999 0.46772495000000003 0.9143100437499999 0.7348664484375 0.806695515625 0.7627491703125 0.679776175 0.7015974234375 0.621520553125 0.51804708125 0.70128876875 0.4937043859375 0.682668075
3 0.787728215625 0.575120584375 0.823985028125 0.4592952546875 0.759531021875 0.35959323906249996 0.5919790515625001 0.44003179687499994 0.5727279390625 0.422853034375 0.49002736875 0.46038925468749997 0.48472455156249994 0.48411030000000005 0.4673858609375 0.501965153125 0.42964424687499997 0.60215055625 0.5177651937500001 0.6986632562499999 0.787728215625 0.575120584375
3 0.8596182296875 0.011021073437499999 0.5515950640625 0.1776599796875 0.49816815 0.3258862265625 0.595148890625 0.43621088124999996 0.9111966359375 0.27989080781250003 0.9611761984375 0.1347687484375 0.8596182296875 0.011021073437499999
3 0.8388918390625 0.4249291421875 0.9171539031249999 0.542372346875 0.9477194593749999 0.52934764375 0.9708907703125 0.45028117031250003 0.9826098609375 0.22427015468749997 0.9256994671875001 0.24946921562500002 0.914489275 0.2813660046875 0.8722178859374999 0.3048568359375 0.8388918390625 0.4249291421875
3 0.9462458046875 0.5343761328125 0.9148319296875 0.5471178937500001 0.8894043734375 0.51313323125 0.8233803015625 0.5414111390625 0.7970201953125 0.69491125 0.8730744703125 0.7785787843749999 0.8748993234375 0.7778286734375001 0.9462458046875 0.5343761328125
3 0.8288236734375 0.7389159484375 0.744947028125 0.7677364171875001 0.7388566046875 0.8044066640624999 0.7214798499999999 0.8192137765625 0.6972894421875 0.9081129328124999 0.7046464875 0.9159446296875 0.8387909609375 0.9010396875 0.8745457359375 0.7790352 0.8686398765625001 0.78100023125 0.8288236734375 0.7389159484375