3 0.2918774921875 0.32775489687500003 0.3281122640625 0.32823731562499997 0.3300558734375 0.16459185 0.302294521875 0.14337405625 0.0367381703125 0.09666826875 0.040045365625 0.29951262500000003 0.2918774921875 0.32775489687500003
3 0.327363084375 0.33281536875 0.04230720625 0.3098360859375 0.064219321875 0.48982159843749995 0.0719942171875 0.49864949531249997 0.3430713796875 0.496672078125 0.327363084375 0.33281536875
3 0.346409603125 0.51076586875 0.0570988390625 0.49769047187500004 0.0697013453125 0.677076596875 0.088575059375 0.6847685640625001 0.3325816359375 0.6791977218749999 0.346409603125 0.51076586875
3 0.0805652953125 0.8831832593750001 0.313895025 0.8658219109375 0.3557012640625 0.842606340625 0.3367781109375 0.6914962578125 0.0516638203125 0.6907193953124999 0.06616460468749999 0.8711529953125 0.0805652953125 0.8831832593750001
3 0.359573396875 0.0932267328125 0.32471805625 0.09948014375 0.339051359375 0.29933337187500003 0.621932409375 0.3379020140625 0.6370042437500001 0.153820865625 0.359573396875 0.0932267328125
3 0.44401509531250005 0.5133490562499999 0.525008709375 0.5185637375 0.6358294375 0.5266240609375 0.637976884375 0.3444865640625 0.3365129703125 0.30564674531249997 0.35703579375 0.49757115937499996 0.44401509531250005 0.5133490562499999
3 0.34767309375 0.70885235625 0.35605706718749996 0.8990699671875 0.392088 0.9180444140624999 0.517040625 0.9075841953125 0.6487644703125001 0.9040367328125001 0.64665703125 0.731803125 0.64145688125 0.7175894546875 0.6509572515625 0.55720629375 0.355428365625 0.5039444703125 0.3479859984375 0.693143121875 0.366146890625 0.7063407390625 0.34767309375 0.70885235625
3 1 0.10898927031250001 0.943065765625 0.096729903125 0.8396563718750001 0.0882214921875 0.748276759375 0.07863708750000001 0.694281015625 0.07516063437500001 0.644481746875 0.08398271562500001 0.656960884375 0.2365284265625 0.6642696890625001 0.30454280312500004 0.667753340625 0.322346990625 0.9374048531250001 0.331380875 0.9903605656250001 0.33201459375 1 0.3170521421875 1 0.10898927031250001
3 1 0.352507159375 0.6827577859375 0.32608880625 0.65601973125 0.5205219296875 0.6880723265625 0.5327634328124999 0.7394206109375 0.5397704640625001 0.8232798234375001 0.5470201593749999 0.8996549890625 0.55286274375 0.94620304375 0.5558596875 0.9686188234375 0.5591534171875 1 0.5512017453125 1 0.352507159375
3 1 0.5865562328125 0.9077934453125 0.570966625 0.7744115140625001 0.555902178125 0.678595234375 0.5515836703125 0.6583685828125 0.5567582062499999 0.6845212875 0.7027822109375 0.69181579375 0.74673896875 0.6925065609375001 0.7643633390625 0.8639124718750001 0.7781748859375 0.9997964359375 0.7859983609375 1 0.7860249203125 1 0.5865562328125
3 1 0.7966027375 0.896605178125 0.783055540625 0.7633686734375 0.7717014875 0.6815168078125 0.7682820640625 0.6550279234375 0.7795302171875 0.6799886328125 0.8477558328124999 0.70300695 0.96119401875 0.7068905171875 0.9892017859375001 0.9075054843749999 0.990089803125 0.975356575 0.9916825421875 1 0.99326918125 1 0.7966027375