1 0.4262279390625 0.34247069531249996 0.5337875578125 0.30594115 0.5700872609375 0.2256119640625 0.6145199140625001 0.0956668765625 0.5186345734375 0.1126136625 0.397752653125 0.149593503125 0.34818099999999996 0.249951046875 0.311145396875 0.3549756109375 0.3367332828125 0.357635090625 0.4262279390625 0.34247069531249996
1 0.15947395312499998 0.54258554375 0.177029584375 0.6340170484375001 0.197013040625 0.633341603125 0.24771693749999998 0.558791075 0.32181975 0.4646530875 0.3387272984375 0.40769188749999996 0.3009177375 0.3153785890625 0.2639447734375 0.237526034375 0.1775763734375 0.32855424843750003 0.13245172968750002 0.39665067187499997 0.15947395312499998 0.54258554375
1 0 0.7056208890625 0.020313384375 0.7250734640625 0.137346040625 0.8491693859374999 0.179344421875 0.7052091500000001 0.2188394609375 0.6239887703125 0.1403019171875 0.5479327078125 0.0750866796875 0.47142634375 0.0374094328125 0.5341803046875 0 0.6208292953125001 0 0.7056208890625
1 0.2684117171875 0.9383306078125001 0.35593753437500003 0.8828984468750001 0.358516403125 0.8495256781249999 0.366101959375 0.690673196875 0.3821729046875 0.6192512484375 0.32229806562499996 0.6506446796875001 0.22735002343750002 0.721208334375 0.17067052656249998 0.7517105703125 0.11697268125 0.9054645406249999 0.1136871890625 0.9910324062500001 0.1793722921875 0.9876265125 0.2684117171875 0.9383306078125001
1 0.4018607125 0.60722953125 0.46785575625 0.5724964765625 0.5161002171875 0.47414176562500004 0.543279325 0.3702335484375 0.53516510625 0.32351637499999997 0.41801947031250003 0.3627195015625 0.34725659375 0.408578378125 0.3006349765625 0.516276525 0.2857969734375 0.6526616140625 0.4018607125 0.60722953125
1 0.55046269375 0.46945594843749994 0.6165080875 0.4543009546875 0.7108900031250001 0.37083378749999996 0.7581784375 0.315195278125 0.729093121875 0.19595861875 0.7097448734375 0.132782565625 0.6967433875 0.1543681609375 0.60417926875 0.21936890625 0.573603421875 0.24585607187499997 0.5610486359375 0.337522128125 0.55046269375 0.46945594843749994
1 0.8084110734375001 0.5754746484375 0.87728063125 0.5187150921875 0.8559131890625 0.3956932078125 0.8504030124999999 0.325392303125 0.806750165625 0.3440979734375 0.6995365421875 0.4115518515625 0.6553679234375 0.4369320765625 0.6632871890625001 0.511459103125 0.6779934812499999 0.6347061328125 0.8084110734375001 0.5754746484375
1 0.4282161140625 0.7011047703125 0.419202665625 0.8228039656249999 0.474850615625 0.805650834375 0.5972798609375001 0.748647334375 0.627019109375 0.7076994187500001 0.6370641078125 0.57265111875 0.6386553328125 0.4660834203125 0.5567339437500001 0.52485050625 0.5002997437500001 0.5471209499999999 0.455910996875 0.5905220015625 0.4282161140625 0.7011047703125
1 0.7616384093749999 0.6244386015625001 0.737157596875 0.6377971078125 0.7517883624999999 0.7316770484374999 0.768142671875 0.8740565468750001 0.8556684906250001 0.8186243859375001 0.9515912249999999 0.7650462375 0.96234374375 0.5835974625 0.961246384375 0.5295828671875 0.8888354859375 0.55630928125 0.7616384093749999 0.6244386015625001
1 0.7002414234375001 0.6856447265625001 0.6359195718749999 0.7492992796875 0.5391789109375 0.8481183859374999 0.52750845625 0.9628088640625 0.7217264359375 0.9086406281249999 0.7253703296875 0.8206789234375 0.7002414234375001 0.6856447265625001
1 0.2844387625 0.9534526984375 0.2751404296875 0.9826607562499999 0.479644271875 0.9720568546875 0.4914754046875 0.9495875734375 0.5060177546875 0.8018562109375 0.3891929453125 0.8621946390625 0.300855703125 0.9129550828124999 0.2844387625 0.9534526984375