1 0.3945765296875 0.211048028125 0.41178009062500004 0.2840717359375 0.47238047656250004 0.2748403203125 0.58042445625 0.2550722578125 0.6207487546875 0.24845677500000002 0.6493010265625 0.21227365781250002 0.6446256828125 0.0895909859375 0.567830965625 0.1000285859375 0.47715826406249995 0.11525932812499999 0.41065564062500004 0.1777105359375 0.3945765296875 0.211048028125
1 0.5108901921875 0 0.46304984375 0.055789854687499994 0.4887199125 0.10687922812499999 0.5627049765625001 0.1003366640625 0.6119715953125 0.100868965625 0.64191119375 0.09930244375 0.6604969703125 0.081184759375 0.6635691593749999 0 0.5108901921875 0
1 0.4470637234375 0.5087818515625 0.49946303593749997 0.512619159375 0.553322225 0.4676956109375 0.5740139625 0.41521715 0.5862191375 0.358358140625 0.588189828125 0.26555117968749997 0.4514783609375 0.28937105 0.41706140625000004 0.36852473125 0.4515961328125 0.384381353125 0.4470637234375 0.5087818515625
1 0.7172562484375 0.38914168125000004 0.715808759375 0.2755804375 0.6833974953124999 0.18879893125 0.61486401875 0.2651124546875 0.5918358859375 0.2876890765625 0.599168109375 0.3845946375 0.6079452703125 0.5321824453125 0.6774478687500001 0.47746905 0.7172562484375 0.38914168125000004
1 0.6720679203125 0 0.6604218609375 0.1016832171875 0.6655303531250001 0.13793925 0.7111709703125 0.1426485359375 0.745570421875 0.10005896875 0.7803129734375001 0.0909843265625 0.792425540625 0.0911878875 0.80844704375 0.04178474375 0.7942635124999999 0.00281373125 0.7918423609375 0 0.6720679203125 0
1 0.803721753125 0.0916734015625 0.7672888906249999 0.08524628906250001 0.7237567921875 0.1090552234375 0.6862447 0.1746546671875 0.7099415234374999 0.255672009375 0.715127678125 0.33430857812500003 0.76871888125 0.23537164375000003 0.8263542921875 0.14527419218749998 0.803721753125 0.0916734015625
1 0.8299051875 0.1615956640625 0.7565512609375 0.2819814234375 0.73082869375 0.340584384375 0.7262186234375 0.42260434843750005 0.73005500625 0.45637509375 0.7541674781250001 0.48752990937499996 0.80584304375 0.4345865953125 0.870182096875 0.390430509375 0.9102209078125 0.366365753125 0.926830884375 0.3152970390625 0.8848512718749999 0.23328254375 0.8299051875 0.1615956640625
1 0.9087561515625 0.017616428125 0.8896774296875 0.0181165828125 0.8207808015625 0.034600298437499996 0.8047968546875 0.073754215625 0.83882076875 0.133656940625 0.8942226109375 0.20811105625 0.9463200953124999 0.2456947359375 0.9087561515625 0.017616428125
1 0.8657299046875 0.6200905390625 0.7934501 0.5426917515625 0.756541425 0.5071825171875 0.67224676875 0.49827558749999995 0.599343490625 0.4956705921875 0.5851275171875 0.5927067984375001 0.590351225 0.6610941390625 0.6072893515625 0.74298345625 0.7205745390625 0.7550386234375 0.8244441468750001 0.793742878125 0.8565673703125001 0.80019611875 0.8704778015624999 0.65939575625 0.8657299046875 0.6200905390625
1 0.8675627703125001 0.40595839062500005 0.8247343609375 0.46023306406250003 0.791283975 0.498107875 0.7849059296875 0.52224555 0.8653117015625 0.607074071875 0.8752432000000001 0.6621368671875 0.93204475625 0.6088854765625 0.937014890625 0.6048787718749999 0.9507824843750001 0.44999335625 0.9272917515625 0.443822265625 0.8675627703125001 0.40595839062500005
1 0.961012646875 0.33490401875 0.959615128125 0.3264186515625 0.9572838499999999 0.332563409375 0.9425920640625 0.40051749374999995 0.9398024671874999 0.4307274125 0.95161219375 0.4406591125 0.961012646875 0.33490401875