3 0.733299890625 0.2626749 0.5155293921874999 0.30639816249999996 0.47605469375 0.3248563828125 0.482275215625 0.4300151234375 0.7256469375 0.3906612875 0.74758114375 0.3519703796875 0.733299890625 0.2626749
3 0.7288236140625 0.257269653125 0.7285981375 0.14584067812499998 0.4850650671875 0.2136776390625 0.4979692 0.30936846875 0.7288236140625 0.257269653125
3 0.73985901875 0.1305235984375 0.7040475609375 0.0349013453125 0.461608309375 0.10690322187500001 0.48694844687499994 0.2033904609375 0.73985901875 0.1305235984375
3 0.4297466984375 0 0.41386709843749997 0.0065927328125 0.46069679218750004 0.10343245781249999 0.7105082109375 0.018764996875000002 0.7025237453125001 0 0.4297466984375 0
3 0.24461148281249998 0.04343356875 0.06363185 0.0971825921875 0.0854105390625 0.14679364374999998 0.22933486250000001 0.10704283125 0.2229332953125 0.053570206249999995 0.24461148281249998 0.04343356875
3 0.3256315828125 0.47952979375 0.291787325 0.4903294734375 0.2708434171875 0.43967917968750003 0.1182904953125 0.46403351718749997 0.09509986718749999 0.47466236093749997 0.0910707609375 0.534974259375 0.10206929843749998 0.5593947218750001 0.2686583 0.53610988125 0.3365894671875 0.497975971875 0.3256315828125 0.47952979375
3 0.8110054671875 0.721499084375 0.4895933390625 0.6964795859375 0.3891137328125 0.72706925625 0.287363046875 0.962320928125 0.388525 0.98826866875 0.55841884375 0.983234778125 0.9109005296875001 0.8785514687499999 0.994196371875 0.7538600828125 0.99487956875 0.66162851875 0.9844394281250001 0.6602632093749999 0.8110054671875 0.721499084375
3 0.9964477125 0.44992912343749997 0.9693426140625 0.34672147343750004 0.46443298593750004 0.4959259625 0.41708364062500003 0.6880824 0.8161296515625001 0.717732371875 0.9949528140625 0.6517405546874999 0.9964477125 0.44992912343749997
3 0.0872150484375 0.91387275 0.10892909843750001 0.9965529921874999 0.270473125 0.9917665031249999 0.2908058484375 0.9463325546875 0.2600146546875 0.9560819953124999 0.252708271875 0.958395425 0.1212987328125 0.9061306796874999 0.0872150484375 0.91387275
3 0.3765360734375 0.73155298125 0.4805397921875 0.696923509375 0.4071592234375 0.6910298453125 0.41206045312499995 0.68059469375 0.37868180156250003 0.6815282593750001 0.28468254375 0.6727785890625 0.0993791828125 0.712097521875 0.0685510140625 0.8428060046875 0.0831690453125 0.8984668515625 0.24663191874999998 0.9527170875 0.2866941796875 0.9423156109375 0.3765360734375 0.73155298125
3 0.4065310109375 0.6769988140625001 0.45999736249999995 0.496495 0.152705140625 0.589254109375 0.1342950453125 0.6239052125 0.4065310109375 0.6769988140625001
3 0.259486575 0.675771753125 0.12528214375 0.6303234234375 0.14703405 0.5909383625 0.012540818749999998 0.6295368890625 0.032167770312499996 0.7042701124999999 0.057493890625 0.7155574687499999 0.259486575 0.675771753125
3 0.0450985359375 0.720735346875 0.0351822859375 0.715748440625 0.0651665234375 0.8299189390624999 0.09654363593750001 0.7129396484375 0.0450985359375 0.720735346875
3 0 0.4696562953125 0.1027750328125 0.42823351875000004 0.044948062500000004 0.3593536 0 0.3795933359375 0 0.4696562953125
3 0 0.3664676515625 0.066356315625 0.3477575125 0.059022275 0.261636846875 0 0.278058359375 0 0.3664676515625
3 0 0.260210809375 0.0587586671875 0.2489941234375 0.0470703109375 0.1753910671875 0.071091153125 0.1562844140625 0.0432419421875 0.1608138578125 0 0.170171646875 0 0.260210809375
3 0.1278503046875 0.459697765625 0.25974388125000003 0.4265131359375 0.2642398515625 0.4087153921875 0.28775443749999996 0.39350056875 0.26119978593750004 0.3273058203125 0.107715653125 0.3713923859375 0.0890012984375 0.387426478125 0.1278503046875 0.459697765625
3 0.0720864953125 0.2764642859375 0.0704076359375 0.3690031625 0.22626171093749997 0.33394058437499996 0.255852646875 0.3244040953125 0.25751307031250004 0.30744848125 0.2766326859375 0.298776978125 0.279751534375 0.287374584375 0.273715834375 0.28767053125 0.24629031875 0.223979309375 0.1198855328125 0.25478553125 0.0860412734375 0.2655852109375 0.0720864953125 0.2764642859375
3 0.2421786484375 0.2199623671875 0.239909709375 0.19968396093750002 0.2584824109375 0.1889300015625 0.2631200359375 0.165852125 0.2316654125 0.1624728 0.230975590625 0.11329020781250002 0.1948020453125 0.1210401828125 0.08316255312500001 0.1556925171875 0.053288314062499995 0.17578927187499999 0.070182159375 0.2575741859375 0.2421786484375 0.2199623671875
3 0.419862146875 0.0003224984375 0.385232453125 0.0016706375 0.3839450859375 0.0020529718749999998 0.2291513 0.053968409375000005 0.237336509375 0.16078854375 0.283880378125 0.163428 0.45739564218749995 0.11414069843750001 0.4048542015625 0.013010940625 0.419862146875 0.0003224984375
3 0.48030549218749996 0.21883265624999998 0.460535446875 0.1319155796875 0.40977890781250004 0.1365136046875 0.2432921640625 0.2009242921875 0.2782931078125 0.2818213609375 0.48030549218749996 0.21883265624999998
3 0.29713194375 0.3884706625 0.460621790625 0.35338522656250004 0.46791265937500004 0.3287710703125 0.49179185 0.31494455 0.47548556406250003 0.241216378125 0.33613851562499997 0.2751180203125 0.26194869375 0.306879440625 0.29713194375 0.3884706625
3 0.44498815625 0.4568031765625 0.4803511859375 0.43432801562499995 0.46679914218749996 0.34780914531249996 0.2663868390625 0.411070940625 0.2992001453125 0.483638175 0.44498815625 0.4568031765625