1 0.4157487015625 0.152485015625 0.43359595000000006 0.18785850937499998 0.450041503125 0.20028423593750003 0.488822515625 0.1954088234375 0.5148432281249999 0.20239682499999997 0.5460628671875 0.1751037515625 0.5263927203125001 0.14142503125 0.47045544218749996 0.11548116093750001 0.4428421546875 0.11170600156249999 0.3703078921875 0.1271757078125 0.4157487015625 0.152485015625
1 0.24172437656249998 0.1982195234375 0.265040325 0.228508696875 0.3209776015625 0.25445256562499996 0.346557384375 0.27224376875 0.3585928578125 0.2640220125 0.42382991406250003 0.2194568484375 0.40960873906249995 0.16685446406249999 0.3554943625 0.13921582187499998 0.326499109375 0.12633224062499998 0.26380978593750004 0.16556097187500002 0.24172437656249998 0.1982195234375
1 0.17441513125000002 0.35780152656249997 0.2612628171875 0.2995768796875 0.3054928109375 0.2757778109375 0.2719107203125 0.24637214843750002 0.214591471875 0.21131985000000003 0.1634713625 0.2034161328125 0.0752219796875 0.23869300937500001 0.08121051093750001 0.2781628578125 0.12599978437499998 0.3265966359375 0.17441513125000002 0.35780152656249997
1 0.0356182734375 0.306692846875 0.008542356249999999 0.288304525 0.0125682703125 0.42417913125 0.0229960421875 0.4154316515625 0.0900418796875 0.3912069265625 0.107369296875 0.382026253125 0.08105908125 0.3320021515625 0.0356182734375 0.306692846875
1 0.611213271875 0.2617704625 0.6392872078125 0.2685817640625 0.6775681234375 0.2329915265625 0.669315759375 0.2060196515625 0.6300346328125 0.180180234375 0.5900822531250001 0.16362595 0.5381000078125 0.191167971875 0.5292355546875 0.214999253125 0.5703395765625 0.23914389531250002 0.611213271875 0.2617704625
1 0.3915375359375 0.2945169328125 0.4328916078125 0.3340189859375 0.4794248828125 0.3254006265625 0.537566815625 0.2973284953125 0.5804148390625 0.26442099531249996 0.5696683140625 0.2484290203125 0.5205619828125 0.21266991875 0.4730876765625 0.2013766546875 0.4397753609375 0.201167746875 0.368451915625 0.26574582812499997 0.3915375359375 0.2945169328125
1 0.2961740703125 0.4611269796875 0.37185403125 0.41155290468750005 0.41809779999999996 0.35989844375 0.39886858125 0.315416525 0.350913890625 0.2872477765625 0.2966086375 0.2857697453125 0.211314071875 0.31310286249999997 0.18970904375 0.3626368984375 0.2141963546875 0.41435577031250004 0.2961740703125 0.4611269796875
1 0.0152567171875 0.5149141859374999 0.0464697921875 0.5564355609375 0.10515128124999999 0.58675694375 0.1787780078125 0.5373595703125 0.212491803125 0.4990865953125 0.2754509078125 0.4890546171875 0.241388434375 0.44277346875 0.1911304609375 0.3994240078125 0.1311064515625 0.3876728828125 0.03370311875 0.40374494062500005 0.0136906625 0.45006613125 0.01340755625 0.4525050421875 0.0152567171875 0.5149141859374999
1 0.769680271875 0.346557865625 0.83194839375 0.331971675 0.846972528125 0.3076102875 0.823176196875 0.2604456296875 0.768601165625 0.229770846875 0.7184023640625 0.2279394109375 0.6488623718750001 0.2631440421875 0.6655382546874999 0.2770878359375 0.7333736921875 0.3266140359375 0.769680271875 0.346557865625
1 0.9523253640625 0.4261887 0.996762465625 0.3934464953125 0.9883358203125001 0.3379072765625 0.9469094703125001 0.30823701406250004 0.909931628125 0.2975783125 0.810303915625 0.3538270234375 0.854382478125 0.38386725 0.9215072109375001 0.41499988906249996 0.9523253640625 0.4261887
1 0.655048146875 0.4410073078125 0.685234490625 0.48915993437500005 0.76080246875 0.5211038359375 0.79323291875 0.54291914375 0.8716768109374999 0.511561921875 0.8957759984375 0.45104798749999997 0.88086384375 0.393891390625 0.811935934375 0.37829286406249996 0.7788342265625 0.3657626859375 0.678726128125 0.405135915625 0.655048146875 0.4410073078125
1 0.502260446875 0.338814315625 0.52239125 0.3755291765625 0.572899278125 0.4342360515625 0.6167475109375 0.46275820312500004 0.6479868703125 0.449304471875 0.724298640625 0.3627665859375 0.7260623671875 0.3195537828125 0.6598589484375 0.294493428125 0.6262965781250001 0.278927103125 0.532539046875 0.2916096171875 0.502260446875 0.338814315625
1 0.45758952500000005 0.3734165875 0.34333915937500004 0.4155448046875 0.335415746875 0.4592877125 0.374025603125 0.494412253125 0.43842585312500004 0.53500673125 0.47496276093749995 0.556468634375 0.508533921875 0.5313113296875 0.5421994703124999 0.5060832937499999 0.594181721875 0.47854126875 0.55783569375 0.430918753125 0.49592960937499997 0.379344378125 0.45758952500000005 0.3734165875
1 0.141438140625 0.5928614359375 0.144011196875 0.6372388984375 0.205436896875 0.6719377921875 0.27298283749999996 0.6784278921875 0.3639764359375 0.6475285296875 0.3974599046875 0.6077374812499999 0.3802444625 0.5354001734375 0.3293152328125 0.5013358421875 0.2581037640625 0.48439595 0.14888116875 0.53224304375 0.141438140625 0.5928614359375
1 0.6439198671875 0.47733656093750004 0.531262071875 0.5162519328124999 0.49438285156250006 0.5747899390625 0.5175079218749999 0.631239728125 0.579854940625 0.672010903125 0.6373650671875 0.6809025859375 0.6939341546875 0.669882640625 0.7410795140624999 0.610461121875 0.762013284375 0.5702122171874999 0.745528278125 0.5301078109375 0.6599047640625 0.48672614375 0.6439198671875 0.47733656093750004
1 1 0.417525078125 0.9422895499999999 0.42859028437499996 0.8978489515625 0.464710628125 0.8671688718749999 0.550397209375 0.8888922499999999 0.5838992281250001 0.948705653125 0.607971625 0.9952586531250001 0.6131926015625 1 0.6110451343750001 1 0.417525078125
1 0.8019656609375 0.58676650625 0.733557584375 0.6157221484375001 0.68664255 0.6766617359375 0.6960860046875 0.73890265 0.7684885640625 0.7911115859375 0.8663920031250001 0.8057543546874999 0.9539504000000001 0.7659232671875 0.9976408328125 0.6837306812499999 0.9850122328124999 0.6279154546875 0.9283839765625 0.597417371875 0.83322475 0.587152115625 0.8019656609375 0.58676650625
1 0.061401673437500005 0.627431503125 0.0325703234375 0.6416340968750001 0.06318695156250001 0.8434254015624999 0.11122507968749999 0.8461381937500001 0.1526714125 0.790282925 0.183851596875 0.73531116875 0.1739672078125 0.6838734515625 0.12965831875 0.65231515625 0.061401673437500005 0.627431503125
1 0.44218999999999997 0.614653234375 0.34616863750000004 0.6398337187500001 0.2873948921875 0.7048696609375 0.2769970421875 0.773431809375 0.3222469703125 0.8249017328124999 0.39232652031250004 0.8480906171875 0.4781014640625 0.8376329828125 0.5535510953125 0.7865408390625 0.60090705625 0.7147980515625 0.553584175 0.6496654890625 0.46431485937500006 0.6096733671875 0.44218999999999997 0.614653234375
1 0.2364034421875 1 0.27936586874999997 0.9946845812499999 0.36118578437500004 0.9307410578124999 0.33825159375 0.8481306578125001 0.2788593953125 0.7994157234375 0.2562344296875 0.7736807625 0.173874953125 0.7792307734375 0.07998571875 0.859591928125 0.0923642640625 0.900049740625 0.1310332984375 0.9766923078125 0.18633505 1 0.2364034421875 1
1 0.6737925140625001 1 0.8038210234375001 0.9280191421874999 0.815600840625 0.8685654171875001 0.7636911203125 0.7869107765625001 0.686510846875 0.7443403749999999 0.5840797453125 0.7546935484375 0.4673943921875 0.84931969375 0.47136914062499996 0.9166449328124999 0.501785815625 0.9663156265625 0.569203971875 1 0.6737925140625001 1
1 0.5612006968750001 1 0.5579534203125001 0.9937775671875 0.49196060781249995 0.9563959328125 0.434851959375 0.9090223703125 0.389009671875 0.9221949437499999 0.3087428765625 0.9552469421875 0.28461119375 1 0.5612006968750001 1