1 0.449413146875 0.7266003453125001 0.46273004218749997 0.689478384375 0.4433812875 0.6547616390625 0.393290734375 0.5609291828125 0.3636035234375 0.5090388328125 0.2902944390625 0.524423128125 0.27167814375 0.55048824375 0.259380528125 0.6282621859375 0.30258318906250004 0.7064672437499999 0.3412851140625 0.77172240625 0.449413146875 0.7266003453125001
1 0.2586347828125 0.8314767109375 0.3439237796875 0.7876966484375 0.34793032031250004 0.76569640625 0.3306951453125 0.741252059375 0.299666534375 0.7022662265624999 0.25936728750000004 0.64079716875 0.1996177828125 0.640712896875 0.17323550000000001 0.7282535593749999 0.1857096046875 0.7348079234375 0.21514089531249997 0.7775798578125 0.2586347828125 0.8314767109375
1 0.614043128125 0.4878132875 0.578235790625 0.44765078125 0.47434815781250006 0.5007826515625 0.439317415625 0.47961873125 0.392783303125 0.5385140296875 0.4571879640625 0.6567681421875 0.535567 0.6182523171875001 0.5767619984375 0.5859051203125001 0.6089334562500001 0.5485497671874999 0.614043128125 0.4878132875
1 0.566105834375 0.6181096859374999 0.4784385078125 0.6508555953124999 0.4733641421875 0.67816545625 0.45043683906250004 0.763074 0.5449832265625 0.754312140625 0.6432846515625 0.710253303125 0.694341565625 0.643416265625 0.6981407296875 0.5663360109375 0.566105834375 0.6181096859374999
1 0.3597116375 0.92532536875 0.401939153125 0.921095171875 0.4343709484375 0.8886799062499999 0.4266799828125 0.8791238859374999 0.41290419843750004 0.8478690921875 0.4280875796875 0.8035444593750001 0.3957263953125 0.7691064859375001 0.3614590078125 0.7794761343750001 0.2788175046875 0.8308737859375 0.26281339843749996 0.8979831078125 0.2906826734375 0.9111145265625 0.3597116375 0.92532536875
1 0.5949326 0.730389671875 0.5242665953125 0.757569878125 0.44007190312500005 0.7709703593749999 0.40708412968749996 0.8269320734375001 0.4136763796875 0.8710460046874999 0.44179716406249997 0.8974741640625 0.50181583125 0.8941418671875001 0.5433285375 0.8124165015625 0.5949326 0.730389671875
1 0.7099970296875 0.9063948109375 0.743492234375 0.87284825 0.739287140625 0.8314118203125 0.7372353453125 0.762642840625 0.750578721875 0.7004509140625 0.7088939453124999 0.693669646875 0.677547625 0.7040619828125 0.6100586078125 0.7403832953125 0.57575591875 0.7841795609375 0.5180184890625 0.8904692171875 0.613601809375 0.9056460312500001 0.7099970296875 0.9063948109375
1 0.4995875234375 0.9086855171874999 0.427094753125 0.9054634484375 0.40343057031249996 0.933768459375 0.43084222031249997 0.992565646875 0.654755740625 0.987589790625 0.6846208 0.96330196875 0.6657794765625 0.9510003796875001 0.5978271609375 0.9231232609375001 0.4995875234375 0.9086855171874999
1 1 0.59532871875 0.9591791296875 0.5672241546875 0.8785409187500001 0.4818909859375 0.7977923796875 0.5010160015625 0.7358939890625 0.5240859515625 0.6614861890625 0.5740281578124999 0.7089601421875 0.630994734375 0.768908196875 0.6945156781249999 0.8222684171875001 0.7097443625000001 0.9335072453125 0.736438315625 0.970166196875 0.724567840625 1 0.706709715625 1 0.59532871875
1 0.8754432828125 0.9004627968750001 0.915014478125 0.8969716671875 0.9609970265625 0.8574444906249999 0.9650477015625001 0.793660975 0.975474421875 0.7272680328125001 0.9220833109375001 0.741287640625 0.7994293781249999 0.7110863562499999 0.78268398125 0.7257704734375 0.7709555796875 0.7674629859375 0.7509802359375 0.8231459265625001 0.8205210468749999 0.8555935968749999 0.8754432828125 0.9004627968750001
1 0.857306859375 0.93198475 0.8571093921875 0.9105763609374999 0.8385548843749999 0.8781448921875 0.8170528296875 0.8707606999999999 0.7928723890625 0.8850072093750001 0.743704025 0.9237499390625 0.696642590625 0.9766864265624999 0.857306859375 0.93198475