1 0.160432340625 0.6617333796875 0.1975026109375 0.6166461328125 0.22428346562499998 0.580414059375 0.1821217953125 0.5296136984375 0.14769789375 0.4499491640625 0.11375815156249999 0.497199584375 0.1207042515625 0.585245871875 0.160432340625 0.6617333796875
1 0.1078755328125 0.21602627812500003 0.0948926109375 0.270915546875 0.1020277078125 0.37163643125 0.121696809375 0.42514039531250003 0.1500015125 0.43443549062500003 0.15512860312500001 0.36271425156250003 0.18383508906249998 0.2856193109375 0.1306870578125 0.21582380156249997 0.1078755328125 0.21602627812500003
1 0.1182006390625 0.03956225625 0.09850774531249999 0.0977975234375 0.1127426984375 0.1646519875 0.1363692328125 0.237995971875 0.173994590625 0.28680213593750004 0.221921259375 0.2708835078125 0.17887365156249999 0.17955822500000002 0.1631857765625 0.03415505 0.1182006390625 0.03956225625
1 0.2383884578125 0.657441996875 0.25513981874999997 0.609718153125 0.238660278125 0.5812254328125 0.17903840625 0.6061682125 0.16733130624999998 0.6710619765625 0.1725526671875 0.7567761125 0.20965817968749997 0.84627616875 0.2298471265625 0.859086240625 0.2218141953125 0.77371005625 0.2383884578125 0.657441996875
1 0.1982119015625 0.2864306828125 0.15072225156250002 0.350546578125 0.1629016109375 0.46843738437500004 0.196238684375 0.5507720171875 0.22499230625000002 0.5523947640625 0.2241182625 0.4560002296875 0.22689459531249997 0.32107497500000004 0.2483712625 0.2880199265625 0.1982119015625 0.2864306828125
1 0.2258896921875 0.8392462203125 0.26798043437499997 0.9230681265625 0.3180688671875 0.9576789171875 0.35264652343749997 0.9154307421875 0.40659811562500003 0.812446178125 0.3899295796875 0.7712788609375 0.32347967031249997 0.753871496875 0.284909340625 0.6416923437500001 0.2682998390625 0.623373096875 0.22778008593750002 0.663796046875 0.21350944374999997 0.7645504328125 0.2258896921875 0.8392462203125
1 0.3785066453125 0.4018902953125 0.296097040625 0.3152963171875 0.2786606328125 0.27930022499999996 0.232139746875 0.295049878125 0.22304333125000003 0.40280071250000005 0.2284536859375 0.5011894453125 0.2398061390625 0.60140340625 0.29174927500000003 0.62817286875 0.31892001406250003 0.5614203765625 0.3785066453125 0.4018902953125
1 0.5597225703125 0.6924621296875 0.49938040937499995 0.499097665625 0.4492448390625 0.3857691890625 0.368158196875 0.3878973984375 0.3202786640625 0.4825337140625 0.3096227046875 0.7123662296875 0.3757417625 0.7831420859375 0.440773990625 0.8565880421875001 0.475091721875 0.8346868171875 0.5597225703125 0.6924621296875
1 0.45788044375 0.3415603203125 0.47835310781249996 0.2222842109375 0.4167703609375 0.153502553125 0.37376273125 0.005004790625 0.3111073390625 0.012535956249999999 0.24580816562500002 0.02168439375 0.268843925 0.16874381875 0.315896103125 0.3586268078125 0.40566548906250005 0.39100741875 0.45788044375 0.3415603203125
1 0.47891919375 0.8647003124999999 0.4813364703125 0.9931983078125001 0.548426109375 0.9922043875 0.8159260921874999 0.9600509453124999 0.7213641140625 0.784769221875 0.603809871875 0.7023996234375 0.5274485359375001 0.7191966296875 0.47891919375 0.8647003124999999
1 0.5283820593749999 0.5362430828125 0.59563508125 0.6830665265625 0.7166388078125 0.7701004250000001 0.817335521875 0.798628109375 0.8478257812500001 0.7467133890625 0.9601472140625 0.4970423140625 0.8887477640625001 0.31770425 0.8076968093750001 0.1522236109375 0.7059132671875 0.1263660265625 0.582393134375 0.1539104359375 0.5167463390625 0.2659191484375 0.5283820593749999 0.5362430828125
1 0.5094674578125 0 0.3509821578125 0.0293582046875 0.42391735781250006 0.198353821875 0.501731615625 0.260105528125 0.5405856609375 0.24019850156250003 0.6124225812499999 0.1655376796875 0.6639405921875 0.08824025937499999 0.663476403125 0 0.5094674578125 0
1 1 0.5044655203125 0.9084992421875 0.58451320625 0.844506259375 0.7318756171875 0.8452265484374999 0.9501828578125 0.984790721875 0.9397534500000001 1 0.9379252984375 1 0.5044655203125