1 0.7282019171874999 0.780960409375 0.732451465625 0.82838906875 0.731622653125 0.9352338874999999 0.720027171875 0.9892231921875 0.919889215625 0.986262271875 0.938492878125 0.8983283859375 0.8859166265624999 0.76955074375 0.809199528125 0.7562034203125 0.7282019171874999 0.780960409375
1 0.5233565578125 0.8993078578125001 0.50232711875 0.992448378125 0.727488309375 0.98911265625 0.752809915625 0.9029340578125 0.71770045625 0.7607659515625 0.6482554390625 0.73952215625 0.5181867453125 0.7748138499999999 0.5233565578125 0.8993078578125001
1 0.5140286453125 0.9112953562499999 0.512141675 0.8854641187500001 0.5057673515625 0.814321128125 0.4639148859375 0.7463875234375 0.3721090609375 0.7252616046875 0.29743230625 0.7505897421875 0.2473100875 0.827319690625 0.21700175625 0.9550230828125 0.21566648906250002 0.970325596875 0.46638870781249997 0.9929807984375 0.490445875 0.9926243953125 0.5140286453125 0.9112953562499999
1 0 0.950838021875 0.2074554 0.9695836437500001 0.2354507359375 0.847632025 0.240375721875 0.7753716421875 0.1797984859375 0.7036076765625 0.08554565 0.6758454625 0 0.71255373125 0 0.950838021875
1 0.98040025 0.5963247546875 0.9698453265625 0.50555845625 0.9215031437500001 0.4669759625 0.85024010625 0.447706284375 0.78132416875 0.4928005171875 0.7745811625 0.5670350187500001 0.7643554921875 0.6580619796875 0.7817913203125 0.7302044859375 0.85660596875 0.76048705625 0.9131025125000001 0.7549001 0.9612378515625 0.7100665312500001 0.9827687703124999 0.6300806578125 0.983057203125 0.627513075 0.98040025 0.5963247546875
1 0.64142945 0.3882087109375 0.566430459375 0.4306148875 0.5630167421875 0.47521270312499997 0.5640059515625 0.5800834046875 0.5518088828125001 0.660240259375 0.6013246125 0.731004709375 0.704751984375 0.7339352 0.7590548046875 0.676828559375 0.7753100640625 0.5179178140625 0.7386738562499999 0.44617876093750003 0.64142945 0.3882087109375
1 0.5581916687499999 0.4897454703125 0.5223533078125 0.39669456875 0.45331495781250003 0.3434116046875 0.3313851421875 0.3773003328125 0.295944984375 0.49384804375 0.2900532921875 0.6173425359375 0.3292898859375 0.7085621078125001 0.4524622015625 0.7346606890625 0.49956188749999997 0.713255875 0.5462014421875 0.6533183890625 0.5515176109375 0.5917853265625 0.5581916687499999 0.4897454703125
1 0 0.6212597734374999 0.0356921984375 0.664925534375 0.1508100625 0.6774659515625 0.2286472453125 0.6524233890625 0.2929379296875 0.50640669375 0.29084411875 0.397159390625 0.22268805 0.3076034515625 0.08750300625 0.288972978125 0.008043868749999999 0.3709493359375 0 0.4425543125 0 0.6212597734374999
1 0.8985527671875 0.131312675 0.8295524015625 0.1913680375 0.8099143890624999 0.309343625 0.767048771875 0.42094358749999994 0.8233764578124999 0.44527889218750005 0.9411791359375 0.462338696875 0.9866296609375 0.4129857421875 0.9970714328125 0.38054185625 0.998228784375 0.224299365625 0.9743875890625 0.180932975 0.8985527671875 0.131312675
1 0.699461203125 0.0705549234375 0.6327544703125 0.12440235625 0.6186549515624999 0.22149445937499998 0.5867818890625001 0.30628858124999997 0.600903909375 0.365301284375 0.70067975625 0.41494649843750003 0.749666409375 0.41937292187499997 0.8069917671875 0.3069411453125 0.8234693484375001 0.1886799828125 0.8068313703125 0.0952256265625 0.699461203125 0.0705549234375
1 0.42520760625 0 0.369503096875 0.066400715625 0.353432178125 0.1526227109375 0.336018853125 0.2365850171875 0.370054675 0.288843553125 0.4767803703125 0.3476703296875 0.5384087421875 0.3532390546875 0.6120962875 0.2230402140625 0.623426559375 0.13638985312500002 0.6069419593750001 0.055779721875 0.5544311140625 0 0.42520760625 0
1 0.05627551562500001 0 0.0430617109375 0.0592272125 0.03664830625 0.11631811249999999 0.05592967812500001 0.20058425156249998 0.11081504375 0.280387478125 0.24773367500000001 0.3120049625 0.302512109375 0.250664509375 0.348691534375 0.1521943484375 0.36374227812500004 0.046634621875 0.347524403125 0 0.05627551562500001 0