1 0.46501800624999995 0.3779637375 0.503334096875 0.401673640625 0.5590665921875 0.41004184062500004 0.6235072890625 0.401673640625 0.649631896875 0.3807531375 0.6531151765625001 0.34867503437499997 0.6235072890625 0.31799163125 0.5851911984375 0.30822873125 0.5259754234375 0.30822873125 0.499850815625 0.31520223125 0.45979308437500005 0.34867503437499997 0.46501800624999995 0.3779637375
1 0.6809814249999999 0.3877266390625 0.7245224359375 0.408647140625 0.7976713359375001 0.41980474218749997 0.8586287531250001 0.411436540625 0.8795284390625 0.3807531375 0.8429539890625 0.32635983281250003 0.8063795390624999 0.31659693125 0.7680634484375 0.31659693125 0.7401972015625 0.31938633125 0.6931729078125 0.347280334375 0.6809814249999999 0.3877266390625
1 0.2612460703125 0.32357043281250003 0.2281549015625 0.345885634375 0.217705059375 0.3877266390625 0.25253786875 0.411436540625 0.3117536453125 0.41004184062500004 0.3153367640625 0.4091979140625 0.3709694203125 0.3960948390625 0.4179937140625 0.3779637375 0.41102715156249997 0.34867503437499997 0.38490254375 0.3305439328125 0.3396198921875 0.31659693125 0.2612460703125 0.32357043281250003
1 0.0226413265625 0.4253835421875 0.03309116875 0.468619246875 0.06792397812499999 0.49790795 0.170680765625 0.50488145 0.23512146406249998 0.468619246875 0.23512146406249998 0.4281729421875 0.1880971703125 0.3905160390625 0.1323646765625 0.3821478375 0.074890540625 0.3905160390625 0.0226413265625 0.4253835421875
1 0.3047870828125 0.4490934453125 0.31872020624999997 0.47419804687499995 0.35529465625 0.49372385 0.4058022296875 0.50348675 0.46501800624999995 0.50488145 0.5050757375 0.47838214843750004 0.5277170625000001 0.44351464375000005 0.48417605156250004 0.40446304062499994 0.44760160156250006 0.3863319390625 0.42321863437499996 0.3793584375 0.315236925 0.42398884218750005 0.3047870828125 0.4490934453125
1 0.576482996875 0.44490934375 0.569516434375 0.4797768484375 0.609574165625 0.50767085 0.6740148625 0.525801953125 0.7732883703125 0.5202231515625 0.8081211796875 0.4839609484375 0.790704775 0.43933054374999997 0.7663218078125 0.42119944218749994 0.6896896265625 0.3960948390625 0.6687899421875 0.39330543906250004 0.6008659625 0.4156206421875 0.576482996875 0.44490934375
1 0.829020865625 0.43793584374999994 0.8272792250000001 0.465829846875 0.8359874265625 0.49232915000000005 0.8812700796874999 0.49930265 0.9544189796874999 0.50488145 0.99621835 0.49930265 0.997959990625 0.3849372390625 0.961385540625 0.3821478375 0.88997828125 0.39191073906249996 0.829020865625 0.43793584374999994
1 0.170680765625 0.538354253125 0.1532643609375 0.5788005578125001 0.177647328125 0.6122733609375001 0.2612460703125 0.6345885640625 0.3326533296875 0.6108786609375 0.390127465625 0.5857740578125 0.400577309375 0.538354253125 0.3779359828125 0.5090655515625 0.3222034875 0.4895397484375 0.278662475 0.4839609484375 0.207255215625 0.49651325 0.170680765625 0.538354253125
1 0.001741640625 0.6066945609375 0.03309116875 0.6039051609375 0.0818571015625 0.587168759375 0.1184315515625 0.5536959546875 0.0870820234375 0.5216178515625 0.0452826515625 0.49093444843749995 0.0069665625 0.4811715484375 0.001741640625 0.6066945609375
1 0.00348328125 0.7656903765624999 0.029607887500000003 0.774058578125 0.06792397812499999 0.7587168765625 0.0957902265625 0.7419804734375 0.09857685000000001 0.740306834375 0.10972335 0.7336122734375 0.1140104640625 0.7284626109375 0.144556159375 0.69177126875 0.1452408046875 0.68519213125 0.14803944062500002 0.6582984656249999 0.10624006875 0.6220362625 0.0435410125 0.6039051609375 0.00348328125 0.6122733609375001 0.00348328125 0.7656903765624999
1 0.15848928281250002 0.6959553703125 0.09927350625 0.7587168765625 0.10624006875 0.7712691765625 0.1393312375 0.7963737796875 0.1985470140625 0.8075313812499999 0.2647293515625 0.8158995812500001 0.3465864546875 0.8270571828125 0.38664418437500003 0.778242678125 0.3779359828125 0.7405857734375 0.39186910625000004 0.7364016734375001 0.35529465625 0.7043235703125 0.29259559999999996 0.6694560671875001 0.25253786875 0.662482565625 0.19332209218750002 0.6792189671875 0.15848928281250002 0.6959553703125
1 0.4510848828125 0.5439330546875001 0.437151759375 0.596931659375 0.4545681640625 0.6443514640625 0.4859176921875 0.6750348671874999 0.5405430078125 0.6672581953125001 0.5642915125 0.6638772656249999 0.6165407265625 0.6652719671875 0.649631896875 0.6638772656249999 0.6966561890625 0.6178521625 0.6983978296875 0.56485355625 0.6740148625 0.532775453125 0.571258075 0.5104602515625001 0.5608082328124999 0.50069735 0.498109175 0.5160390515625 0.4510848828125 0.5439330546875001
1 0.7715467296875 0.5746164578124999 0.7715467296875 0.6206415625 0.7959296953125 0.6443514640625 0.8586287531250001 0.6415620640624999 0.902169765625 0.654114365625 0.9335192937500001 0.6652719671875 0.9892517890624999 0.6387726640625 0.997959990625 0.5857740578125 0.99970163125 0.532775453125 0.96312718125 0.5118549515625 0.9195861703125001 0.50767085 0.8812700796874999 0.5090655515625 0.8098628203124999 0.5271966531250001 0.7715467296875 0.5746164578124999
1 0.48417605156250004 0.6722454671875 0.42844355624999997 0.712691771875 0.397094028125 0.7656903765624999 0.4092855109375 0.8019525796875 0.45282652343749996 0.8298465828125 0.539908546875 0.8270571828125 0.6287322109375 0.8228730828125 0.708847671875 0.8131101812500001 0.71533071875 0.7986890609375 0.7245224359375 0.778242678125 0.7053643921874999 0.7336122734375 0.672273221875 0.69037656875 0.64092369375 0.6722454671875 0.576482996875 0.6582984656249999 0.48417605156250004 0.6722454671875
1 0.7262640765625 0.68479776875 0.7053643921874999 0.7294281734375 0.7384555609375 0.8005578796874999 0.8046378984375 0.80474198125 0.78722149375 0.7531380750000001 0.78722149375 0.7266387734374999 0.825537584375 0.7015341703125 0.9126196078125 0.68340306875 0.9422274953124999 0.6652719671875 0.8952032031250001 0.648535565625 0.7593552453125 0.649930265625 0.7262640765625 0.68479776875