3 0.2574627765625 0.6769457765625 0.26055910781249997 0.660056240625 0.23651003906249998 0.631912940625 0.2257218734375 0.6689163625 0.119095175 0.7770587765625 0.096627715625 0.7659856640625 0.0643404625 0.8962759078125 0.0975737015625 0.9556010031250001 0.21330969687499998 0.9600704906249999 0.290143565625 0.8766474484375 0.304041009375 0.78306706875 0.2574627765625 0.6769457765625
3 0.2857418515625 0.5419649843750001 0.25930201875000003 0.6724810406249999 0.34862033124999997 0.8709681171874999 0.466272109375 0.76778723125 0.482266428125 0.6482071953124999 0.4199955421875 0.5051937859375 0.40046992187499997 0.4386711890625 0.3985534375 0.4238559515625 0.2857418515625 0.5419649843750001
3 0 0.6633905343750001 0.11616887499999999 0.7848833546875 0.22480225312500002 0.6711487296875001 0.2571745203125 0.5363260078125001 0.2433983515625 0.514249128125 0.1305457828125 0.501953409375 0.1369395484375 0.3638595671875 0.11447726875 0.3369114875 0.0119308109375 0.48489939218749994 0 0.5179904625 0 0.6633905343750001
3 0.628395340625 0.57107273125 0.58083791875 0.6497459453125 0.526645096875 0.5830185125 0.49344599375 0.6917286703125 0.4734331390625 0.83836809375 0.624863125 0.8997791015625 0.6292911937500001 0.897682225 0.700434215625 0.7314724703125 0.7059907859375001 0.5990160046875 0.628395340625 0.57107273125
3 0.93447665 0.74326930625 0.9286664828125 0.6915268890624999 0.8618462515624999 0.66626761875 0.7941629265625 0.726020559375 0.7716363515625 0.640105084375 0.715454521875 0.7808119718750001 0.713993734375 0.905489025 0.8046432343750001 0.9433941546875 0.8712023703125 0.9389568796875001 0.9190678 0.8470269531250001 0.93447665 0.74326930625
3 0.1475913546875 0.232733809375 0.13895140781249998 0.3423923875 0.12855464375 0.45992071250000005 0.1272897859375 0.496157965625 0.27698108593750004 0.509876321875 0.30366560468750003 0.3975127625 0.326447678125 0.2124263 0.3372384328125 0.16748539375 0.3207884203125 0.14757313593750002 0.3295828578125 0.0764745 0.3319347734375 0.03687740625 0.3331068484375 0.028985084374999998 0.21916721875 0.02004920625 0.20229213281249997 0.0227993453125 0.19150655625 0.051865285937500005 0.1656695953125 0.1268415359375 0.1594795296875 0.152683121875 0.1475913546875 0.232733809375
3 0.6694433578125001 0.47287114687500004 0.6802315265625001 0.43586772500000004 0.677580990625 0.366594990625 0.6572078125 0.3374597046875 0.602677521875 0.28092470625 0.563177896875 0.241979271875 0.5330341390625 0.203395140625 0.43715157343750005 0.4094713625 0.42885427343750004 0.4930625453125 0.5814252515625 0.64183104375 0.6289826734374999 0.563157828125 0.6694433578125001 0.47287114687500004
3 0.8078882078125 0.39203811875 0.763602321875 0.428881871875 0.754243865625 0.43645805 0.747389221875 0.45093456718749997 0.74770338125 0.512179490625 0.75629411875 0.5533331109375 0.763468096875 0.5842265515625 0.7924112921875001 0.7180153296875 0.9062145625 0.6328288718749999 0.95692971875 0.59207843125 0.974911628125 0.47099473437499995 0.958931971875 0.3570492609375 0.8078882078125 0.39203811875
3 0.75269851875 0.30826308281250003 0.76144115625 0.3959141328125 0.9771439781250001 0.3532168109375 0.9817289 0.3444330875 0.9969554578125001 0.001835528125 0.8524425421874999 0.0445050109375 0.7923479109375 0.1442389328125 0.7642647671875 0.1907799234375 0.75269851875 0.30826308281250003
3 0.6199924234374999 0 0.5835359875 0.0613349609375 0.5791566734375 0.170024140625 0.690548453125 0.306996915625 0.7079310375000001 0.284989384375 0.7201333703125 0.266183621875 0.8552014031249999 0.037807909375 0.8886490171875 0 0.6199924234374999 0
3 0.3421001953125 0 0.3331094375 0.0210476015625 0.3221253421875 0.146490825 0.4615847296875 0.2845475140625 0.6134267015625 0 0.3421001953125 0
3 0.7239317546875 0.913810396875 0.710567709375 0.9087585421875 0.7120103656250001 0.839643878125 0.6605530921875 0.8376567015624999 0.6249455484374999 0.9031841078125 0.4879640765625 0.851402596875 0.29215024375 0.8710552406250001 0.2893887953125 0.885689825 0.22101310000000002 0.9603679812499999 0.42935166875 0.9684135921875001 0.7250452984375 0.9487006843750001 0.7239317546875 0.913810396875