1 0.0637254109375 0.398884240625 0.100289171875 0.5620641562500001 0.206846415625 0.56764295625 0.144165684375 0.50348675 0.16296990312499998 0.43235704375 0.2225165984375 0.340306834375 0.286242009375 0.347280334375 0.263259075 0.26359832656250004 0.21833788437499999 0.22733612343749998 0.12118274843750002 0.2914923296875 0.0637254109375 0.398884240625
1 0.15043375781249999 0.49372385 0.355190815625 0.661087865625 0.38653118124999997 0.68340306875 0.4669714546875 0.5746164578124999 0.4533906296875 0.50069735 0.34578870625 0.4295676421875 0.28519733125 0.3654114359375 0.2392314609375 0.34867503437499997 0.1681932984375 0.44351464375000005 0.15043375781249999 0.49372385
1 0.3269844859375 0.26359832656250004 0.290420725 0.288702928125 0.29877815625 0.3751743375 0.37503971406250003 0.45746164531250005 0.44712255624999997 0.31520223125 0.5369649390625 0.27894002812499996 0.5735286984375 0.26359832656250004 0.579796771875 0.24407252499999998 0.5077139296875 0.1980474203125 0.464882096875 0.17154811718750002 0.40220136406250007 0.20502092031250002 0.3269844859375 0.26359832656250004
1 0.43145237343750004 0.32635983281250003 0.37503971406250003 0.4490934453125 0.42727365781250004 0.472803346875 0.4795076015625 0.5411436546874999 0.49099906875 0.5578800562499999 0.6299413578124999 0.46025104531250005 0.64979025625 0.43793584374999994 0.6508349359375 0.3807531375 0.6445668625 0.345885634375 0.59233291875 0.2649930265625 0.473239528125 0.3026499296875 0.43145237343750004 0.32635983281250003
1 0.034474403125000004 0.7308228734375 0.09402109843749999 0.8145048812500001 0.1723720140625 0.8535564859375 0.2162485265625 0.8675034875 0.2601250390625 0.7963737796875 0.26952714843750003 0.69456066875 0.2747505421875 0.6722454671875 0.201623021875 0.6136680609375 0.097155134375 0.5606694562500001 0.001044678125 0.6387726640625 0.034474403125000004 0.7308228734375
1 0.26952714843750003 0.8535564859375 0.27266118437500003 0.8744769874999999 0.5630819109375 0.8716875875 0.57561805625 0.778242678125 0.56517126875 0.69177126875 0.473239528125 0.6638772656249999 0.3833971453125 0.656903765625 0.31026962343750003 0.6331938640625 0.2528122859375 0.7712691765625 0.26952714843750003 0.8535564859375
1 0.6226286062499999 0.589958159375 0.56517126875 0.6443514640625 0.579796771875 0.755927475 0.5996456703125 0.8284518828125 0.69680080625 0.779637378125 0.8367877734375 0.7196652718750001 0.8200729125 0.594142259375 0.78141979375 0.5160390515625 0.6988901640625 0.5425383546875 0.6226286062499999 0.589958159375
1 0.8315643796875 0.6401673640625 0.8472345625000001 0.751743375 0.8973791484375001 0.7963737796875 0.961104559375 0.7684797765625 0.996623640625 0.7071129703125 0.999757678125 0.4490934453125 0.9621492390625 0.463040446875 0.900513184375 0.5453277546875 0.8315643796875 0.6401673640625
1 0.8963344703124999 0.287308228125 0.8305197015625 0.4184100421875 0.790821903125 0.50488145 0.82843034375 0.6025104609375 0.859770709375 0.5857740578125 0.9423003390625 0.468619246875 0.996623640625 0.3682008375 0.9893108890625 0.3556485359375 0.944389696875 0.31659693125 0.8963344703124999 0.287308228125
1 0.706202915625 0.3612273359375 0.6811306218750001 0.472803346875 0.6905327328124999 0.5397489546875 0.78455383125 0.50488145 0.834698415625 0.37656903750000004 0.8336537375 0.287308228125 0.8064920875 0.2705718265625 0.74067731875 0.251046025 0.706202915625 0.3612273359375
1 0.65292429375 0.3654114359375 0.645611540625 0.463040446875 0.596511634375 0.49232915000000005 0.48786503124999997 0.536959553125 0.51816071875 0.6429567640625 0.60069035 0.6457461640625 0.6435221828125 0.5578800562499999 0.6842646593749999 0.4504881453125 0.7041135578125 0.35983263593750003 0.65292429375 0.3654114359375
1 0.5327862234375 0.224546721875 0.5484564062499999 0.2677824265625 0.5891988828125 0.25523012500000003 0.6205392484375001 0.30822873125 0.648745578125 0.31938633125 0.667549796875 0.31101813125 0.6863540171875 0.3207810328125 0.7030688781250001 0.2998605296875 0.6988901640625 0.18410041875 0.6550136515625 0.1771269171875 0.6372541093749999 0.16178521562499998 0.557858515625 0.1324965125 0.4826416375 0.17433751718749999 0.5327862234375 0.224546721875