3 0.1521152109375 0.28532853281250004 0.1710171015625 0.31143114375000003 0.3303330328125 0.3033303328125 0.3321332140625 0.2682268234375 0.32043204375 0.025202520312499997 0.12331233125 0.0297029703125 0.1521152109375 0.28532853281250004
3 0.3348334828125 0.30243024375 0.493249325 0.31143114375000003 0.512151215625 0.0486048609375 0.5040504046875001 0.041404140625 0.3303330328125 0.0270027 0.3348334828125 0.30243024375
3 0.5067506749999999 0.3141314125 0.671467146875 0.2943294328125 0.6921692171875 0.05760576093749999 0.6858685875 0.0396039609375 0.512151215625 0.034203420312499996 0.5067506749999999 0.3141314125
3 0.6831683171875 0.29792979375 0.8289828984375 0.31053105312499996 0.85418541875 0.2691269125 0.88568856875 0.0423042296875 0.8748874890625 0.028802879687499998 0.7002700265625 0.0216021609375 0.6831683171875 0.29792979375
3 0.0997444078125 0.342753215625 0.14131413125 0.6093609359375 0.3213321328125 0.5877587765625 0.301530153125 0.315031503125 0.10801080156250001 0.3087308734375 0.0997444078125 0.342753215625
3 0.3267326734375 0.60306030625 0.5040504046875001 0.59405940625 0.503150315625 0.48694869531249996 0.503150315625 0.4086408640625 0.493249325 0.32493249375 0.3078307828125 0.31233123281249997 0.3267326734375 0.60306030625
3 0.5328532859374999 0.6075607562500001 0.689468946875 0.5922592265625 0.702970296875 0.5967596765625001 0.8703870390624999 0.5922592265625 0.8820882093750001 0.4644464453125 0.9000900093749999 0.34293429375 0.8838883890625 0.3087308734375 0.6993699375 0.3078307828125 0.6957695765625 0.3258325828125 0.68406840625 0.3087308734375 0.4995499546875 0.32313231249999996 0.5328532859374999 0.6075607562500001
3 0.0612061203125 0.6678667859375 0.0612061203125 0.7200720078125 0.06480648125 0.8082808281249999 0.06660666093749999 0.90819081875 0.07650765000000001 0.9729973 0.2691269125 0.9603960390624999 0.292529253125 0.9450945093750001 0.29522952343750003 0.8937893796875 0.3033303328125 0.6327632765625 0.2862286234375 0.63006300625 0.22052205156250002 0.62556255625 0.072907290625 0.6192619265625 0.0612061203125 0.6678667859375
3 0.31233123281249997 0.9783978390625 0.3312331234375 0.981098109375 0.45994599531249997 0.9621962203125 0.5040504046875001 0.9495949593749999 0.5148514843750001 0.9153915390625 0.5130513046875 0.8937893796875 0.5130513046875 0.8487848781249999 0.512151215625 0.7749774984375 0.510351034375 0.693969396875 0.5067506749999999 0.644464446875 0.496849684375 0.6138613859375 0.306030603125 0.6471647171875 0.31233123281249997 0.9783978390625
3 0.525652565625 0.63456345625 0.5238523859375 0.7272727265625 0.5301530156250001 0.8559855984375 0.5400540046875 0.9495949593749999 0.7353735375 0.9639964000000001 0.7335733578125 0.9369937 0.7344734468749999 0.8055805578124999 0.7317731765625 0.6399639968749999 0.7146714671875001 0.6399639968749999 0.6723672374999999 0.63456345625 0.5319531953125 0.6147614765625 0.525652565625 0.63456345625
3 0.736273628125 0.629162915625 0.7344734468749999 0.7083708375 0.7371737171875 0.8370837078125 0.7443744375 0.9441944187500001 0.9378937890625 0.9549955000000001 0.93519351875 0.9306930687499999 0.93519351875 0.9054905484375 0.9378937890625 0.8397839781249999 0.9495949593749999 0.6453645359375 0.9225922593749999 0.6426642671875 0.81368136875 0.6246624656249999 0.7488748875 0.60306030625 0.736273628125 0.629162915625