1 1 0.455013775 0.9767059625 0.452664690625 0.902222165625 0.47361642968749995 0.9007781406250001 0.5081635046875 0.9075230203125001 0.580162421875 0.8982547203125 0.6144574984375 0.9569253109375 0.657859425 1 0.6689557703125 1 0.455013775
1 1 0.284793925 0.9876454750000001 0.2696710328125 0.9075336437500001 0.247199525 0.84040739375 0.2467672453125 0.775514828125 0.3034863125 0.6931859046875 0.3406173328125 0.731086209375 0.3954580546875 0.833735278125 0.44200609531249996 0.8836876890625 0.4756140015625 1 0.445074721875 1 0.284793925
1 1 0.0487602078125 0.9475342625 0.0217454375 0.753088884375 0.0154828546875 0.7171360984375 0.03004645625 0.70601745625 0.09455132187500001 0.7732853875 0.1131498 0.7833850453125 0.1376905921875 0.8276677296875 0.16073781250000002 0.835977459375 0.2327871359375 0.8400823390625 0.24329741562499999 0.951695496875 0.235649271875 1 0.21637148437499998 1 0.0487602078125
1 1 0.6691165859375 0.9176622484375001 0.6384332328125 0.8357209265625001 0.6297402390625 0.7604036453125 0.6584486875 0.7451592890625001 0.7288745515625 0.776208353125 0.8604653375 0.8350831640624999 0.8727396203125 0.9386074046875 0.8786683875 1 0.8562800453125 1 0.6691165859375
1 0.5845918515624999 0.6303004171875 0.6680771859375 0.655475090625 0.735853540625 0.66284703125 0.8672014078125001 0.6160518703125 0.9010406546875 0.5609271734375 0.87724489375 0.49010876562499994 0.832739265625 0.44802789687500005 0.715518921875 0.3958215140625 0.6306708328124999 0.4060613703125 0.524766975 0.4580002125 0.5220623078125 0.5123979953125 0.5558577328125 0.5567284406249999 0.5845918515624999 0.6303004171875
1 0.745417553125 0.9148233781249999 0.8238853890625 0.86978445 0.83213683125 0.857942453125 0.8399840781250001 0.7751705953125 0.7690801281249999 0.7011052765625 0.6687272953125001 0.6624147453125 0.6130634578125 0.651108721875 0.480863390625 0.655499296875 0.4405000796875 0.724251303125 0.4514915140625 0.8249267 0.501137596875 0.9052260750000001 0.6288451890625 0.9361492312499999 0.745417553125 0.9148233781249999
1 0.5655387265625 0.3269929109375 0.6584340375 0.33603870625 0.7516148328125001 0.3148243109375 0.8086622734375 0.2742845203125 0.8157551749999999 0.266729409375 0.8303494265625 0.1893638875 0.7881004593750001 0.1214105109375 0.71089539375 0.0800061546875 0.6097090749999999 0.0490723375 0.5415055515625 0.0537943953125 0.46120821875000007 0.11261183749999999 0.4169025640625 0.1725884765625 0.4593140640625 0.2422767671875 0.5655387265625 0.3269929109375
1 1 0.965346278125 0.9867094796875 0.94248608125 0.905785015625 0.91134000625 0.8170362750000001 0.8799419343749999 0.71670215625 0.8914127015625001 0.6581711218749999 0.9327695468750001 0.6323999437500001 0.9907486171875 0.6353314625 1 1 1 1 0.965346278125
1 0.5691821218750001 1 0.5962061734375 0.9541244859375 0.55962693125 0.8967317921875001 0.51778428125 0.8331156984374999 0.4192400890625 0.797077940625 0.3010028890625 0.7673246375 0.2005666625 0.79435923125 0.1226676734375 0.8454703609375 0.10004995937500001 0.9004496296875001 0.1101498484375 0.99134863125 0.3787640421875 1 0.5691821218750001 1
1 0.12415763906249999 0.6448755640625 0.1865871984375 0.711749228125 0.24574536875000003 0.7603559 0.43649519375 0.7647697765625 0.5262420671875 0.723553475 0.577842725 0.691486653125 0.5945289812500001 0.65310629375 0.577642753125 0.58942914375 0.5278945578124999 0.5246935921875 0.43445125156250003 0.4931443203125 0.320806503125 0.47910604062499995 0.231691015625 0.47710070312499997 0.1339990328125 0.48346753124999997 0.114547684375 0.5589469328125001 0.12415763906249999 0.6448755640625
1 0.1595098203125 0.3061322125 0.1831826234375 0.408945725 0.2436410140625 0.4714317 0.4213635625 0.48666892031250003 0.47645855625 0.49190275000000006 0.6033764890625 0.43112747812499996 0.6389639703125 0.3613568140625 0.5949063531250001 0.2907506640625 0.5085767984375 0.2352149984375 0.4185882546875 0.20723635312500002 0.3456297453125 0.19450846875 0.237146296875 0.20225741562500002 0.1660755765625 0.25964234375 0.1595098203125 0.3061322125
1 0.39580722968750004 0.1805574453125 0.44441985624999997 0.16655602187500002 0.5149425796875 0.0866676171875 0.5004820453125001 0.0074145484375 0.0412047 0.000610440625 0.0344924234375 0.037464810937499995 0.1189507890625 0.1396415515625 0.24663754375 0.18699598906249998 0.39580722968750004 0.1805574453125
1 0.287071490625 0.45207433437500005 0.2488065609375 0.3600337640625 0.1719473984375 0.3056679578125 0.07645165781249999 0.2688635390625 0.0335417671875 0.2658233734375 0.0550707328125 0.4956366 0.0657404390625 0.5916639484374999 0.15348569375 0.5749033 0.20754510312500002 0.5524289078125 0.287071490625 0.45207433437500005