1 1 0.7835409390625 0.863947665625 0.7590455671874999 0.836148715625 0.8298504875000001 0.7814965546875 0.869391309375 0.8273694687500001 0.92162888125 0.8843418406250001 0.9573537218749999 0.959306115625 0.9804927859375001 1 0.979588478125 1 0.7835409390625
1 0.8465765109375001 0.9107517078124999 0.7664643812499999 0.8666954296875 0.716722571875 0.8515024015625 0.5950948687500001 0.8532107874999999 0.52172898125 0.8952496343749999 0.5191298234375 0.9680649765625 0.53551018125 0.988378159375 0.5465180796875 0.9896658531250001 0.8634497828125 0.9826229265625 0.873352009375 0.9720044218749999 0.8465765109375001 0.9107517078124999
1 0.2588967203125 0.8298189328125 0.187120446875 0.844858315625 0.13233575 0.9153187562499999 0.14625773125 0.9428437859375001 0.5110943328124999 0.98552201875 0.5186913109375 0.97551310625 0.511428834375 0.926854715625 0.47360869375 0.8811837140625001 0.39413143125 0.8550128359375 0.2588967203125 0.8298189328125
1 0.7561330875000001 0.526137921875 0.6663466687499999 0.474387959375 0.5578784421874999 0.45326259843749994 0.47939683750000006 0.46751759843749996 0.4074880375 0.51347660625 0.41576907187499995 0.5735032796875 0.4798623796875 0.631621971875 0.574700696875 0.6549026312499999 0.6520311999999999 0.6601989671874999 0.72473931875 0.6293323078124999 0.7564161625 0.5786670078125 0.7561330875000001 0.526137921875
1 1 0.2875564265625 0.9844847421875 0.288495559375 0.912959640625 0.3279374546875 0.90096025 0.3884040296875 1 0.42861140468750003 1 0.2875564265625
1 0.6600806203125 0.1221194359375 0.5701297546874999 0.073162521875 0.432506125 0.05987572343749999 0.3335567625 0.10642126562500001 0.3480727015625 0.1465538796875 0.389661115625 0.21422652812499998 0.4796667890625 0.262252428125 0.549743828125 0.2760745421875 0.6286639453125 0.2543714125 0.6919718328125 0.2111559953125 0.6939451375 0.17763941562500002 0.6600806203125 0.1221194359375
1 0.2269187796875 0.713586815625 0.1753042875 0.6728641625 0.08870608906250001 0.624299440625 0.050877446874999996 0.6244050203125 0.0682359640625 0.8374413828125 0.12855846875000002 0.836132934375 0.2012665796875 0.8052662796875 0.223301053125 0.77503386875 0.2269187796875 0.713586815625
1 0.039773828125 0.4330715359375 0.0860389828125 0.440251540625 0.1407230515625 0.42883729531250003 0.175204425 0.387874346875 0.1864593171875 0.31138440312500004 0.09598321875 0.24268005625 0.051932604687499995 0.2265547390625 0.039773828125 0.4330715359375
1 0.453918096875 0.613588184375 0.4068621765625 0.5527753703125 0.36302639375 0.523274375 0.26142793750000004 0.5001403468750001 0.12476805625000001 0.49915285625 0.12683709375000002 0.5500160078125 0.069741203125 0.602394953125 0.15908910468749998 0.661593046875 0.2361226453125 0.7006020546875 0.32076143125 0.69644159375 0.3925377046875 0.6814022109375 0.44584242500000004 0.636079203125 0.453918096875 0.613588184375
1 0.80700796875 0.40741128125000003 0.79633801875 0.35929171875 0.7762449421875 0.32788098125 0.69775433125 0.2849518140625 0.620643078125 0.2759314140625 0.5167424328125 0.2919000609375 0.450826371875 0.3507466546875 0.49724742656250004 0.39367406875 0.5209991453125 0.44894849531250003 0.6038838921874999 0.47458055000000005 0.7286450062500001 0.47698841875 0.773239178125 0.43627102500000003 0.80700796875 0.40741128125000003
1 0.2081968125 0.314864659375 0.332103803125 0.30311119531249997 0.39346129531249996 0.2643547578125 0.40853927656250005 0.208935453125 0.353320953125 0.1434181 0.25248989375 0.1072498515625 0.078731465625 0.1056723171875 0.0578145890625 0.12664923125 0.052147260937499995 0.2229087734375 0.10755309531249999 0.24684577343749997 0.17673021093750002 0.3046217328125 0.2081968125 0.314864659375
1 0.5814240421875 0.7700553453125 0.533600721875 0.7222767546875 0.43771193124999996 0.659501234375 0.379401121875 0.6751783671875 0.2708003671875 0.6849726296875 0.2202682625 0.7118714171875 0.2168149796875 0.7705254234375001 0.24317487187500003 0.8101686718750001 0.314051215625 0.8390831375 0.43651014843749997 0.8805936765625001 0.5353817984375 0.8640367437500001 0.57923148125 0.8072959859375001 0.5814240421875 0.7700553453125
1 0.8302246828125 0.7297901265625 0.7254609078125 0.67441326875 0.6265573453125 0.662843625 0.49495837031249995 0.690570996875 0.5435490859375001 0.7253153609375 0.591482025 0.7712319187500001 0.5891569359375 0.8393921828125 0.6888049890625 0.8669851890625001 0.7956746046875 0.85792585 0.84189029375 0.81833556875 0.8627965703125 0.7785969015624999 0.8302246828125 0.7297901265625
1 1 0.614455384375 0.9116801359375 0.5790185015625 0.7868322937500001 0.549415075 0.7453167078125 0.5951797375 0.6926468546875 0.6583881468749999 0.791472703125 0.6999463984375 0.8630935421875 0.744884228125 0.9500116171874999 0.730678690625 1 0.7051114765625 1 0.614455384375
1 1 0.421463625 0.93957069375 0.3919832171875 0.8044456046875 0.3649272765625 0.7869787140625 0.43225369375 0.6939901859375001 0.463560253125 0.7203500703125 0.5032035015625 0.7971643546875 0.54593656875 0.9087659796875001 0.5711781828125 0.9916188109374999 0.5686836625 1 0.5620559140625 1 0.421463625
1 0.8489031265625 0.15451942031250002 0.7037519578125 0.15441347968750002 0.69328736875 0.1888116109375 0.6349307546875 0.2626039234375 0.7190533140625 0.2958802 0.798562490625 0.3501776546875 0.8935333375000001 0.34253869375 0.9592072375 0.31647375 0.985055784375 0.2501278109375 0.935665765625 0.20029109687500002 0.8489031265625 0.15451942031250002
1 0.33009859375 0.3085011984375 0.1932194546875 0.3112377671875 0.16704202343750002 0.3831698046875 0.179169053125 0.43520953125000006 0.261811634375 0.49362323750000003 0.34480600156249996 0.51739325625 0.45021853125 0.50441375625 0.5152027609375 0.46139443281250003 0.50236315 0.4214579140625 0.4603910375 0.360302375 0.33009859375 0.3085011984375
1 0.0391647265625 0.44341712343750006 0.0378918703125 0.4650365890625 0.0500248953125 0.6139418953125 0.0810918203125 0.6102847359375 0.14110187031250002 0.5657461078125 0.1219406328125 0.5185081 0.073043934375 0.46029223906250005 0.0391647265625 0.44341712343750006