1 0.41655044218750004 0.1771269171875 0.4487835109375 0.2078103203125 0.503331784375 0.1729428171875 0.5851541921875001 0.14923291562500002 0.5430032546875 0.11018131093750001 0.45622191250000005 0.1059972109375 0.3768789703125 0.13528591406249998 0.41655044218750004 0.1771269171875
1 0.60003099375 0.15341701562500001 0.6694560671875001 0.1673640171875 0.7413606078125 0.20502092031250002 0.815744615625 0.16178521562499998 0.81822408125 0.13947001406249998 0.7661552765625 0.11994421250000001 0.6669766 0.1143654109375 0.612428328125 0.1269177125 0.60003099375 0.15341701562500001
1 0.7413606078125 0.19525801874999998 0.751278475 0.24407252499999998 0.8454982171875001 0.213389121875 0.9893072984375 0.216178521875 0.9893072984375 0.17154811718750002 0.9347590265625 0.1450488140625 0.8678134203125 0.150627615625 0.7934294125 0.1645746171875 0.7413606078125 0.19525801874999998
1 0.1760421515625 0.17852161718749998 0.2603440265625 0.18131101875 0.37192003749999997 0.211994421875 0.41655044218750004 0.2343096234375 0.4463040453125 0.22175732187500002 0.42894777656249994 0.160390515625 0.366961103125 0.1408647140625 0.282659228125 0.13528591406249998 0.190918953125 0.160390515625 0.1760421515625 0.17852161718749998
1 0.476057646875 0.211994421875 0.570277390625 0.223152021875 0.7016891375000001 0.24267782499999999 0.7314427390625 0.2677824265625 0.738881140625 0.21896792187499997 0.6818534015625 0.1645746171875 0.56531845625 0.16178521562499998 0.48101658125 0.18410041875 0.476057646875 0.211994421875
1 0.0694250734375 0.252440725 0.1066170765625 0.2914923296875 0.2008368203125 0.3570432359375 0.2429877578125 0.345885634375 0.2677824265625 0.283124128125 0.3818379046875 0.2594142265625 0.401673640625 0.24546722499999998 0.366961103125 0.2008368203125 0.27026189375 0.17433751718749999 0.1958778859375 0.1771269171875 0.10909654375 0.2078103203125 0.0694250734375 0.252440725
1 0.3942352390625 0.2677824265625 0.45622191250000005 0.3026499296875 0.6049899265625001 0.3807531375 0.6992096703125 0.31101813125 0.7364016734375001 0.2984658296875 0.72648380625 0.251046025 0.6223461953125 0.2287308234375 0.5256469859374999 0.22175732187500002 0.426468309375 0.22036262187500003 0.3942352390625 0.2677824265625
1 0.1537269484375 0.3849372390625 0.1710832171875 0.42119944218749994 0.300015496875 0.5216178515625 0.49589338281249995 0.4867503484375 0.612428328125 0.4518828453125 0.619866728125 0.3723849375 0.5330853859375 0.31380753125 0.3099333640625 0.274755928125 0.233069890625 0.3305439328125 0.1537269484375 0.3849372390625
1 0.612428328125 0.408647140625 0.654579265625 0.465829846875 0.7686347437500001 0.50069735 0.8430187515625001 0.4490934453125 0.9942662328124999 0.4253835421875 0.9917867656249999 0.2984658296875 0.8454982171875001 0.3026499296875 0.654579265625 0.3249651328125 0.612428328125 0.408647140625
1 0 0.7419804734375 0.190918953125 0.6680613671875 0.2851386953125 0.56345885625 0.27770029375 0.4867503484375 0.1413296140625 0.42119944218749994 0 0.405857740625 0 0.7419804734375
1 0.2057957546875 0.6652719671875 0.1661242828125 0.7601115765625 0.2132341546875 0.7963737796875 0.443824578125 0.93723849375 0.6273051296875 0.8898186890625001 0.798388346875 0.8312412828125 0.8355803500000001 0.7350069734375 0.823183015625 0.6108786609375 0.721524871875 0.532775453125 0.45622191250000005 0.5104602515625001 0.30497443125 0.5578800562499999 0.2057957546875 0.6652719671875
1 0.7289632734375 0.5188284515625 0.7438400749999999 0.55927475625 0.8083062140624999 0.6387726640625 0.8777312875 0.6987447703125 0.9917867656249999 0.712691771875 0.97195103125 0.40027894062499997 0.798388346875 0.4504881453125 0.7289632734375 0.5188284515625
1 0.004958934375 0.9888423984375001 0.4363861765625 0.9818688984374999 0.3644816359375 0.8758716874999999 0.22811095625000002 0.7949790796875 0.0148768015625 0.7684797765625 0.004958934375 0.9888423984375001