1 0.9870204125 0.20939942656250002 0.996021065625 0.07965294843750001 0.80538015625 0.0518570375 0.8003873390624999 0.1272027859375 0.7722963046875 0.22884759062499999 0.7554382234375 0.2729154796875 0.8257263531250001 0.314885821875 0.9022453968749999 0.3196980515625 0.9870204125 0.20939942656250002
1 0.5978754234375 0.0216023421875 0.5927422453125 0.1138461109375 0.5541798140624999 0.23088264687499999 0.6682573953125 0.294041275 0.739999409375 0.2896977609375 0.8117933640624999 0.1627027859375 0.810822828125 0.052650593749999995 0.5978754234375 0.0216023421875
1 0.3378287515625 0.20356775468750002 0.4019552015625 0.24463971093749998 0.494916928125 0.2455048921875 0.55305479375 0.19053720937500002 0.578341915625 0.1244353734375 0.5871171171875 0.10033708906250001 0.5866980328125 0.0199726515625 0.5305813046875001 0.0117906953125 0.3159347671875 0.007020771875 0.310932 0.1192833296875 0.3378287515625 0.20356775468750002
1 0.2133316921875 0.2213675625 0.2903007546875 0.16703070312499999 0.3051511015625 0.0972923515625 0.309853625 0.0068856359375 0.0576373671875 0.0012808296875 0.033104115625 0.14758506093749998 0.040683546875 0.168702503125 0.11625064062499998 0.226246209375 0.2133316921875 0.2213675625
1 0.9106570906250001 0.589505478125 0.9452213484374999 0.5057229765625 0.9565754578125001 0.47565627031249996 0.957752415625 0.3933502484375 0.9241228140625 0.3398063203125 0.8719389390625001 0.32162373125 0.7926506 0.333326215625 0.7565805421875 0.397855871875 0.7416955765625 0.486622475 0.7280394859375 0.558649765625 0.7813483812500001 0.61717779375 0.8542846546874999 0.6151232140625 0.9106570906250001 0.589505478125
1 0.621352484375 0.291432046875 0.555166359375 0.347341084375 0.54509304375 0.42623518281250006 0.51580775 0.52559105 0.5069979296875 0.5687175859375 0.5668146640625 0.6260796609375 0.674903659375 0.5931986499999999 0.7291125921875 0.5334284968749999 0.756615159375 0.378827621875 0.7204412703124999 0.312223865625 0.621352484375 0.291432046875
1 0.5479661953125 0.3526357171875 0.519840565625 0.2850906046875 0.48086276093749997 0.254029815625 0.3567464828125 0.250737034375 0.29480083437500004 0.3284124515625 0.2670213421875 0.44702116875 0.26920214374999996 0.56576854375 0.37592379062500003 0.625739846875 0.455939075 0.59088043125 0.5151500453125 0.5106914796875001 0.536387078125 0.4122769671875 0.5479661953125 0.3526357171875
1 0 0.5696964640625 0.0135444140625 0.594052159375 0.14705898281250002 0.607174475 0.23603985624999999 0.5376704812499999 0.26755789375 0.43441053281249997 0.24592280781250003 0.2811045125 0.17871551875 0.23958336249999998 0.0659187296875 0.2252521265625 0.0136976171875 0.263315871875 0 0.3450017171875 0 0.5696964640625
1 0.8717312015625 0.6240113984375 0.7551612484375 0.6133596453125 0.6950502671875001 0.623628615625 0.7056254921875 0.7393702984375 0.6924021 0.8558717046875 0.7417474421875 0.9286255125 0.827232078125 0.8987931640625 0.8807486843750001 0.8431516890624999 0.9048415484375001 0.774760915625 0.9015876421875 0.6812348109374999 0.8717312015625 0.6240113984375
1 0.630352646875 0.6141955453125 0.5221078765625 0.6385946 0.49273605 0.691412009375 0.5001092828125 0.779194290625 0.48726667187499995 0.87460310625 0.5361100796875 0.9409392984375 0.6448221625 0.9419861109375001 0.685894259375 0.85703765625 0.7021984921875 0.7409854421875 0.6781056515625 0.6211580484375 0.630352646875 0.6141955453125
1 0.49429376718749996 0.7762315625 0.459452609375 0.6358037421875 0.3993762453125 0.6270444609375 0.28204473281250003 0.6585778906249999 0.23557251875000002 0.700442778125 0.22942813593750003 0.7841393484375 0.22139717343749998 0.8696756578124999 0.2653943140625 0.9649126062500001 0.3488885140625 0.9940047515625 0.444186840625 0.9338810984375 0.4816415453125 0.8610940859375 0.49429376718749996 0.7762315625
1 0 0.94846924375 0.1528509421875 0.9707552843749999 0.21057961875000003 0.8871317328125 0.22480687812500003 0.7834655578125 0.2075334234375 0.679436121875 0.17205185625 0.6087036875 0.033379479687500005 0.6075182140625001 0 0.6361603265625 0 0.94846924375