3 0.8084908640625 0.3798203703125 0.8016035390624999 0.3941604953125 0.7523510640625 0.4164377953125 0.7552784921875 0.4368549375 0.8708866609375001 0.4243292140625 0.8897051453125 0.22262130781249997 0.8554569515624999 0.2161551390625 0.7708859359375 0.23037589062500002 0.763488690625 0.2817640171875 0.7898462296875 0.2812315328125 0.8134259187499999 0.2841327 0.8255309437499999 0.31724126875 0.822402459375 0.3560693203125 0.8084908640625 0.3798203703125
3 0.74560555 0.68334146875 0.8048223562500001 0.690991978125 0.880461509375 0.59166900625 0.8822428312499999 0.4969661921875 0.809022153125 0.4949719390625 0.7846809859375 0.512677584375 0.74560555 0.68334146875
3 0.802598134375 0.8029943968750001 0.74149899375 0.7386739312499999 0.683011615625 0.7425038078124999 0.6785961921875 0.7756390828125 0.6762068515624999 0.800443121875 0.660030234375 0.8350058125 0.6307705203125 0.8529643468750001 0.6533721328125 0.8723699281249999 0.7071575609375 0.8728953374999999 0.7229471359375 0.9204186515625 0.7755838171875 0.9149600328125 0.802598134375 0.8029943968750001
3 0.722082590625 0.9205083078125 0.7056093453125001 0.8762657640624999 0.6369662953125 0.8839086281249999 0.650178790625 0.9279649984375 0.722082590625 0.9205083078125
3 0.6475009546875 0.9282427 0.634073834375 0.8758302828125 0.541007059375 0.8575795968750001 0.496348275 0.9439177921875 0.6475009546875 0.9282427
3 0.5393617093749999 0.5952208765625 0.539396675 0.607559675 0.4375340203125 0.6679183359375 0.3410415515625 0.8440024765624999 0.3849091796875 0.9524650843750001 0.4424626015625 0.9495059359375 0.481216196875 0.9454870453125 0.5922894999999999 0.7126146828125 0.55366181875 0.592840215625 0.5393617093749999 0.5952208765625
3 0.734285315625 0.46426091875 0.71391666875 0.46613089375000005 0.6422432375 0.6195485828125 0.6303450984375 0.6160468 0.6189053984374999 0.6585930015625 0.64831760625 0.7089112515625 0.6787399390625 0.7106378906249999 0.681291484375 0.728606240625 0.73323245625 0.7292264859375 0.784384746875 0.5094019875 0.734285315625 0.46426091875
3 0.5432322484375 0.5867948078125 0.5666429359375 0.6168539703125 0.6407970078125 0.615509409375 0.7430141781249999 0.40539996875 0.7131338171875 0.33453812968749996 0.6414963203124999 0.3415122484375 0.6160012781249999 0.4728106921875 0.544080171875 0.495430809375 0.5432322484375 0.5867948078125
3 0.6280441359375 0.2525289125 0.66958370625 0.329372934375 0.7451713828125001 0.313145946875 0.8039180874999999 0.0970445078125 0.7655322531250001 0.0192156296875 0.69468149375 0.043426128125000005 0.6280441359375 0.2525289125
3 0.540435940625 0.4824548796875 0.5403912609375 0.4956204765625 0.6123920140625 0.47217355781250003 0.641165115625 0.32589785781249997 0.50382268125 0.1766452140625 0.41814926718749995 0.221362778125 0.3783890796875 0.36738068125 0.487446959375 0.47366145625 0.540435940625 0.4824548796875
3 0.29965544375 0.6766528703125 0.3799479859375 0.7004965890625 0.5366411640625001 0.604410525 0.537202559375 0.4842665390625 0.43871703125000006 0.4778123515625 0.2993378328125 0.5211777078125001 0.29965544375 0.6766528703125