4 0.294900221875 0.4235033265625 0.305986696875 0.4833702875 0.332594234375 0.5277161859375 0.4478935703125 0.52993348125 0.4833702875 0.56762749375 0.63858093125 0.47006651875000005 0.6984478937499999 0.41241685156249996 0.6762749453125 0.3170731703125 0.5277161859375 0.248337028125 0.294900221875 0.4235033265625
4 0.36141906874999996 0.91574279375 0.3481153 0.971175165625 0.3481153 0.993348115625 0.667405765625 0.993348115625 0.6319290468750001 0.8359201781250001 0.5942350328125 0.8026607531250001 0.5388026609375001 0.7871396890625 0.4966740578125 0.8159645234375 0.3414634140625 0.8270509984375 0.36141906874999996 0.8669623062499999 0.36141906874999996 0.91574279375
4 0.45676275000000005 0.6984478937499999 0.523281596875 0.778270509375 0.596452328125 0.793791575 0.63858093125 0.8270509984375 0.667405765625 0.92682926875 0.8758314859375 0.84478935625 0.860310421875 0.7272727265625 0.6319290468750001 0.5388026609375001 0.45676275000000005 0.5920177390625 0.45676275000000005 0.6984478937499999
4 0.0864745015625 0.85587583125 0.057649667187499996 0.884700665625 0.006651884375 0.922394678125 0.011086475 0.9955654109375001 0.3281596453125 0.9911308203125 0.35033259375000003 0.9113082046875001 0.3569844796875 0.880266075 0.294900221875 0.8403547671875 0.22616407968750002 0.849223946875 0.1951219515625 0.8381374718749999 0.161862528125 0.8381374718749999 0.1485587578125 0.8159645234375 0.0931263859375 0.7982261640625 0.07317073125 0.81818181875 0.0864745015625 0.85587583125
4 0.17294900156249998 0.6341463421875 0.077605321875 0.778270509375 0.1485587578125 0.8093126390625001 0.1662971171875 0.8314855874999999 0.1951219515625 0.8270509984375 0.22394678437499999 0.8403547671875 0.2882483375 0.8270509984375 0.3414634140625 0.8580931265625 0.3348115296875 0.81818181875 0.392461196875 0.8093126390625001 0.4478935703125 0.7073170734375 0.45676275000000005 0.5764966734375 0.476718403125 0.5764966734375 0.445676275 0.5343680703125 0.41019955625 0.5365853656249999 0.36141906874999996 0.54101995625 0.31263858125 0.525498890625 0.21286031093750002 0.5565410203125001 0.17294900156249998 0.6341463421875
4 0.27272727343750003 0.2793791578125 0.3104212859375 0.2971175171875 0.3237250546875 0.319290465625 0.32594235 0.3658536578125 0.37250554375 0.3481153 0.4434589796875 0.308203990625 0.5121951218749999 0.23725055468749998 0.4855875828125 0.22172949062499997 0.54323725 0.1773835921875 0.5321507765625 0.11086474531249998 0.36141906874999996 0.09534368125 0.27272727343750003 0.2793791578125
4 0.0022172953125 0.2860310421875 0.0022172953125 0.4057649671875 0.10643015468749999 0.4235033265625 0.1662971171875 0.3991130828125 0.22394678437499999 0.38359201718749997 0.259423503125 0.3991130828125 0.27716186249999997 0.4478935703125 0.319290465625 0.3658536578125 0.31485587656249997 0.330376940625 0.305986696875 0.30155210625 0.26829268281249996 0.27494456718750004 0.23059867031249998 0.26385809375 0.10643015468749999 0.22394678437499999 0.057649667187499996 0.210643015625 0.0022172953125 0.2860310421875
4 0.7139689578125 0.4057649671875 0.6141906875 0.49445676250000004 0.5875831484375 0.54101995625 0.62749445625 0.5277161859375 0.8580931265625 0.7139689578125 1 0.620842571875 0.9955654109375001 0.523281596875 0.764966740625 0.40133037656250004 0.7361419062500001 0.3946784921875 0.7139689578125 0.4057649671875
4 0.7361419062500001 0.38359201718749997 0.91574279375 0.476718403125 0.9955654109375001 0.463414634375 1 0.308203990625 0.971175165625 0.23946784999999998 0.6651884703125 0.27494456718750004 0.7006651890625 0.403547671875 0.7361419062500001 0.38359201718749997
4 0.0044345890625 0.4611973390625 0 0.6784922390625 0.037694014062499996 0.705099778125 0.126385809375 0.680709534375 0.17294900156249998 0.6319290468750001 0.2017738359375 0.558758315625 0.319290465625 0.51884700625 0.29046563124999997 0.476718403125 0.26607538750000004 0.45232815937500004 0.2505543234375 0.41241685156249996 0.22394678437499999 0.3946784921875 0.0044345890625 0.4611973390625
4 0.656319290625 0.2993348109375 0.6585365859375 0.270509978125 0.8159645234375 0.2549889140625 0.8337028828124999 0.1574279375 0.6829268296875 0.090909090625 0.48780487812500006 0.2328159640625 0.656319290625 0.2993348109375