1 0.48736401718750005 0 0.4787726640625 0.0111576015625 0.45065550937500004 0.0794979078125 0.4483124125 0.1129707109375 0.4694002796875 0.18131101875 0.5006415625 0.18549511875 0.565467225 0.18549511875 0.5967085078125 0.1966527203125 0.634198046875 0.1478382140625 0.6498186890625 0.08089260781249999 0.6310739187500001 0.0083682015625 0.6209205015625 0 0.48736401718750005 0
1 0.264769875 0.157601115625 0.26633193906249997 0.217573221875 0.3194421203125 0.28033472812500004 0.3553695953125 0.3570432359375 0.40379358437499996 0.3277545328125 0.44284518906250003 0.2398884234375 0.47174337499999996 0.1980474203125 0.43972105937499995 0.087866109375 0.4014504875 0.0418410046875 0.3545885640625 0.029288703125 0.3491213390625 0.039051603125 0.2827336125 0.087866109375 0.264769875 0.157601115625
1 0.09059972031249999 0.0432357046875 0.0570153421875 0.1087866109375 0.039051603125 0.18688981875 0.044518828125 0.2398884234375 0.074198046875 0.30962343125 0.132775453125 0.3249651328125 0.1476150625 0.2663877265625 0.1694839609375 0.2594142265625 0.18900976249999998 0.22175732187500002 0.253835425 0.22036262187500003 0.2632078109375 0.217573221875 0.25305439375 0.11715481093749999 0.2319665265625 0.06694560625 0.21400278906249998 0.039051603125 0.14292887031249998 0.0083682015625 0.09059972031249999 0.0432357046875
1 0.6560669453125 0.0739191078125 0.6177963734375 0.18131101875 0.61232915 0.253835425 0.6404463046875 0.32357043281250003 0.704490934375 0.34309623437500003 0.8224267781249999 0.32635983281250003 0.8317991625 0.274755928125 0.834142259375 0.18270571875 0.8060251046875001 0.11018131093750001 0.775564853125 0.0474198046875 0.7021478375 0.036262203124999996 0.6560669453125 0.0739191078125
1 0.54828451875 0.18967921875 0.4850209203125 0.20502092031250002 0.4483124125 0.2412831234375 0.4045746171875 0.341701534375 0.41629009687499996 0.4184100421875 0.46627615 0.5174337515625 0.5154811718750001 0.5244072531249999 0.554532775 0.49790795 0.6201394703124999 0.47838214843750004 0.6404463046875 0.405857740625 0.645132496875 0.345885634375 0.599051603125 0.224546721875 0.54828451875 0.18967921875
1 0.6787168765625 0.31938633125 0.6466945609375 0.405857740625 0.6381032078125 0.45467224531249995 0.645913528125 0.5732217578125 0.7091771265625 0.6150627609375 0.7997768484375001 0.6136680609375 0.8708507671874999 0.5760111578125 0.8950627609374999 0.464435146875 0.8724128312499999 0.3584379359375 0.8294560671875001 0.284518828125 0.8185216171875 0.276150628125 0.7435425390625 0.26220362656249996 0.6787168765625 0.31938633125
1 0.1546443515625 0.253835425 0.1194979078125 0.31938633125 0.09450488124999999 0.40725244062500005 0.10075313749999999 0.468619246875 0.15620641562499998 0.5453277546875 0.21165969375000002 0.589958159375 0.2733612265625 0.5578800562499999 0.3467782421875 0.470013946875 0.3522454671875 0.3877266390625 0.33037656875 0.3026499296875 0.292105996875 0.248256625 0.2850767078125 0.2412831234375 0.214783821875 0.22175732187500002 0.1546443515625 0.253835425
1 0.8646025109375 0.214783821875 0.8388284515625 0.2914923296875 0.852105996875 0.3821478375 0.8911576015625 0.43793584374999994 0.9442677828124999 0.465829846875 0.9942538359374999 0.45467224531249995 0.9997210593749999 0.11715481093749999 0.9669177124999999 0.1073919109375 0.89037656875 0.1450488140625 0.8646025109375 0.214783821875
1 0.8614783828125001 0.5230125515624999 0.805244071875 0.55509065625 0.775564853125 0.6401673640625 0.7521338906249999 0.7433751749999999 0.7794700140625 0.8354253828125 0.827894003125 0.9093444906249999 0.887252440625 0.93863319375 0.9364574609374999 0.9483960953125001 0.988005578125 0.9149232921875001 0.9989400281249999 0.9205020921875 0.9942538359374999 0.5495118546875 0.9122454671875 0.49511855000000005 0.8614783828125001 0.5230125515624999
1 0.5264156203125 0.5202231515625 0.5006415625 0.6011157593750001 0.4912691765625 0.7015341703125 0.492050209375 0.781032078125 0.5006415625 0.8688981874999999 0.569372384375 0.8926080890625 0.6466945609375 0.8912133890625 0.7052719671875 0.8410041843749999 0.7474476984375 0.7921896796875 0.745885634375 0.6220362625 0.7060529984375 0.538354253125 0.675592746875 0.4895397484375 0.6404463046875 0.47140864687499995 0.5834309625 0.4811715484375 0.5264156203125 0.5202231515625
1 0.37567642968750004 0.40725244062500005 0.3131938640625 0.44072524375000005 0.26555090625 0.5132496515625 0.2429009765625 0.5913528593749999 0.23352859062500003 0.655509065625 0.2436820078125 0.7531380750000001 0.297573221875 0.8214783828125001 0.3397489546875 0.8312412828125 0.4319107390625 0.81868898125 0.486582984375 0.7698744765625001 0.49517433750000006 0.6122733609375001 0.498298465625 0.56345885625 0.43972105937499995 0.44490934375 0.37567642968750004 0.40725244062500005
1 0.052329150000000005 0.50209205 0.007029289062500001 0.5411436546874999 0.003124128125 0.5704323578125 0.003124128125 0.8940027890625 0.10075313749999999 0.9205020921875 0.1905718265625 0.8535564859375 0.22962343125 0.7433751749999999 0.21947001406250002 0.6094839609375 0.20541143593750003 0.56485355625 0.1312133890625 0.49511855000000005 0.052329150000000005 0.50209205
1 0.385829846875 0.755927475 0.338967921875 0.8200836812500001 0.3085076703125 0.9023709906249999 0.3053835421875 0.9818688984374999 0.610767084375 0.9860529984375 0.5826499296875001 0.8591352859375 0.5607810328125 0.8089260812499999 0.4678382140625 0.7294281734375 0.385829846875 0.755927475