1 0.4232160921875 0 0.41024616875 0.0432665328125 0.4110289921875 0.0784988140625 0.439657221875 0.14593140625 0.472701025 0.144850540625 0.5404289171875 0.133575078125 0.574145809375 0.1397493671875 0.6086021359375 0.0824425375 0.6184604671875 0.010076078125 0.6147501015625 0 0.4232160921875 0
1 0.4437206296875 0.16293623125 0.3996298921875 0.053874599999999995 0.3552035703125 0.0126471828125 0.3050320890625 0.007738840625 0.30026242187499996 0.018846996875 0.23561414374999998 0.0811802375 0.22357704687500002 0.1568563046875 0.23099760156250002 0.21897893124999998 0.29254330624999997 0.275037590625 0.3374832171875 0.3485952390625 0.3852481671875 0.30970095625 0.417567196875 0.2114935625 0.4437206296875 0.16293623125
1 0.030570684375 0.06816609375 0.0030870640625 0.138917871875 0.0064391281250000005 0.2897607765625 0.0391466671875 0.3481658078125 0.10182736562500001 0.353938475 0.11167740468750001 0.2904140515625 0.1338522796875 0.279355128125 0.150617578125 0.2367810703125 0.2182108578125 0.2240545828125 0.22773360625 0.2195223265625 0.20743315624999997 0.1168141453125 0.180554959375 0.068244959375 0.1590946359375 0.042348864062500005 0.0818771625 0.0227884453125 0.030570684375 0.06816609375
1 0.625950890625 0 0.6243153703125001 0.0017341328125 0.59469698125 0.12012010625 0.59598510625 0.1965246484375 0.6320919375 0.26418563281249996 0.7008884796875 0.2733604453125 0.82248888125 0.2354348875 0.8273000187499999 0.18011655937499998 0.8208632578125 0.083940978125 0.7844871859375 0.013377935937499998 0.77604061875 0 0.625950890625 0
1 0.5209170656250001 0.49486989687499994 0.5591592734375 0.46050786875 0.6258185203125 0.428782125 0.640034371875 0.3497964453125 0.6391418125 0.28658703124999996 0.5792861578124999 0.16836243281250002 0.5228808015624999 0.14091684843750002 0.4582656921875 0.16788195156250002 0.42341380937500006 0.21199365312500001 0.38741034218750003 0.3240754140625 0.4070542890625 0.4018443734375 0.46883605624999997 0.49617322656249996 0.5209170656250001 0.49486989687499994
1 0.89717735 0.48674676562499997 0.911703903125 0.3664529875 0.87780900625 0.2601142609375 0.8257943453125 0.1906813203125 0.8135626546875001 0.18387701875 0.7338806015625 0.18240821093749998 0.6716720265625 0.2531759390625 0.6465623625 0.34870965468750004 0.6422979921875 0.400990071875 0.661900475 0.5229692015625 0.7320348984375 0.5554963640625 0.8265561343750001 0.538286853125 0.89717735 0.48674676562499997
1 0.209820578125 0.6159135906250001 0.2711882734375 0.5718078109375 0.33941125156249996 0.46762306875000004 0.33718080625 0.38106130781249997 0.3061211703125 0.2963521984375 0.2608871453125 0.24641859687499998 0.252870071875 0.2403860828125 0.177545534375 0.23229805625000002 0.117809834375 0.27613213281250004 0.0874169171875 0.3504437875 0.0697858609375 0.44620589375 0.08223702499999999 0.50896445625 0.1475769046875 0.5791258796875 0.209820578125 0.6159135906250001
1 0.9268518453124999 0 0.8759804921875001 0.034982021875000005 0.8557834109375 0.1120165765625 0.8362594187499999 0.1963062859375 0.8588815375 0.2883138609375 0.9050661765625 0.3395626453125 0.9632464453124999 0.35934553125 1 0.34475636249999997 1 0.2706599375 0.9748898640625001 0 0.9268518453124999 0
1 1 0.426752196875 0.9326174640625 0.39538698437500003 0.8822698984375 0.43323778593749995 0.8266141906250001 0.47639261718750003 0.803817909375 0.5700677578125 0.78929964375 0.68151950625 0.8267443609375 0.772532825 0.8844710156250001 0.8410148234375001 0.9493138890624999 0.8611619562499999 1 0.8627098656250001 1 0.426752196875
1 0.538663628125 0.8558556390625001 0.6127600156249999 0.8685684578125 0.6934092749999999 0.8536683796875 0.7497629515625001 0.7912426015625 0.7891152703125 0.7331206781249999 0.7710599265625 0.5563666171875 0.7213669390625 0.47623306562499995 0.684831371875 0.43074509687500007 0.6463613984375 0.4179948984375 0.5877358140625 0.43806908437500003 0.531937196875 0.488614925 0.5128170578125 0.577257725 0.512717534375 0.683362134375 0.5212067359375 0.7659350375 0.538663628125 0.8558556390625001
1 0.259026784375 0.780114390625 0.32192695625 0.84184131875 0.3669332109375 0.8446626953124999 0.46200950625 0.8155732406249999 0.514417803125 0.755277734375 0.5081820046875001 0.5898169171875 0.5067343859375 0.5384874390625 0.4340919875 0.4253384921875 0.36354541406249996 0.397300271875 0.30149633593749997 0.44299292812499996 0.258720525 0.5267333125 0.2425951453125 0.611930659375 0.2389955671875 0.6803082671875 0.259026784375 0.780114390625
1 0.20086947031250002 0.5908818234375001 0.11661871093750001 0.5312359328125 0.034875925 0.55221183125 0.0166102671875 0.572552978125 0.053648640625 0.97178635625 0.12585311562499998 0.9790984421875001 0.21323133125 0.8938263390625 0.24339647968749997 0.7724024515625 0.21986520937499998 0.6348695281250001 0.20086947031250002 0.5908818234375001
1 0.5957069796875001 0.78300095 0.4909299234375 0.7164582171875 0.4078077890625 0.7582919421875001 0.365040271875 0.8331902984375 0.3411587546875 0.9240992203125 0.34353988125 0.9690583 0.5396826140625001 0.95017048125 0.6559359015624999 0.9308164234375 0.6234011734375 0.8314342874999999 0.5957069796875001 0.78300095