3 0.1579492484375 0.1568395359375 0.169342309375 0.271263346875 0.19057483125000002 0.2623856375 0.27032625625 0.3600404421875 0.274987053125 0.39259204531249997 0.299844640625 0.368918153125 0.29932677343749997 0.3541219703125 0.3542206109375 0.26337204999999997 0.3542206109375 0.1814998390625 0.24546866875 0.0374836625 0.1579492484375 0.1568395359375
3 0.30036250625 0.35806761875 0.30657690312499997 0.47249143125000004 0.39047125781249997 0.5790239453125 0.3940963234375 0.5662005875 0.41998964218749996 0.50898868125 0.4935266703125 0.386673571875 0.49508026875000005 0.28211388125000003 0.4049715171875 0.188404725 0.30036250625 0.35806761875
3 0.032107715625 0.39061922031249996 0.0580010359375 0.5129343296875 0.12894873125 0.6451135609375 0.15225271875 0.62242608125 0.16468151250000002 0.5020837953124999 0.2656654578125 0.49517891093750005 0.280683584375 0.47643707968750004 0.2698083890625 0.35806761875 0.1890212328125 0.25548075312499996 0.032107715625 0.39061922031249996
3 0.5090626625 0.349189909375 0.5240807875 0.44487188906249997 0.5805282234375 0.3886463953125 0.6121180734375 0.458681659375 0.6841015015624999 0.43698059218749996 0.6965302953125 0.32157036875 0.65561885 0.1745949546875 0.6519937859375 0.1726221296875 0.5106162609375 0.2209563265625 0.5090626625 0.349189909375
3 0.71620921875 0.2791546453125 0.7472812015625 0.40344257812500006 0.778353184375 0.329461665625 0.8301398234375 0.383714334375 0.8922837906250001 0.3639860921875 0.9181771109374999 0.2663312859375 0.8653547390625 0.12330152187500001 0.73122734375 0.17064930625000002 0.71620921875 0.2791546453125
3 0.1574313828125 0.5385810453125 0.1512169859375 0.6411679125 0.14448472343750002 0.7368498921875 0.14448472343750002 0.8068851562500001 0.1465561890625 0.8295726374999999 0.1595028484375 0.895662253125 0.16519937812500002 0.92130896875 0.1796996375 0.9242682062500001 0.28120145 0.92032255625 0.28120145 0.913417671875 0.28430864843750003 0.8788932453125 0.285862246875 0.8167492781249999 0.3029518390625 0.799980271875 0.29932677343749997 0.760523784375 0.3034697046875 0.5987521890624999 0.29466597656250004 0.5001109718750001 0.161056446875 0.50701585625 0.1574313828125 0.5385810453125
3 0.42257897499999997 0.592833715625 0.48006214375 0.7753199671875 0.5116519937499999 0.742768365625 0.55152770625 0.7102167640625 0.606939409375 0.6628689796875 0.6286897984375 0.638208675 0.640082859375 0.5780375328125 0.6354220609375 0.54548593125 0.6116002078125 0.4655865453125 0.5800103578125 0.39555128125 0.4262040390625 0.5198392140625 0.42257897499999997 0.592833715625
3 0.7327809421875 0.451776775 0.7224236140625 0.47840990312500004 0.7094769546874999 0.5139207421875 0.7011910921875 0.5671869984375 0.7053340234375 0.5800103578125 0.712584153125 0.5869152421875 0.746763334375 0.62045325625 0.8751941999999999 0.6559640953125 0.9285344375 0.47446425468750003 0.8648368718749999 0.41429311249999995 0.775763853125 0.33636655000000004 0.7327809421875 0.451776775
3 0.6872087 0.6914749328124999 0.6820300359375 0.7940617984375 0.7006732265625 0.8354911093749999 0.7405489390625 0.9242682062500001 0.8720870015625 0.9696431656250001 0.9057483171875 0.9025671375 0.9119627140625 0.8779068328124999 0.9104091140625 0.81083080625 0.903158984375 0.6934477578125 0.8907301921874999 0.65990974375 0.70636975625 0.6155211953124999 0.6872087 0.6914749328124999
3 0.516312790625 0.8058987453125 0.5059554640624999 0.9005943140625 0.5468669078125 0.9933170578125001 0.7742102531249999 0.9972627062500001 0.778353184375 0.9804937 0.7421025375 0.930186678125 0.65302951875 0.7269857703125 0.64474365625 0.7102167640625 0.6323148625 0.6904885203125 0.516312790625 0.8058987453125
3 0.2868979796875 0.817735690625 0.2801657171875 0.9272274421875 0.29932677343749997 0.99627629375 0.541170378125 0.9992355312500001 0.4277576390625 0.7023254671875 0.2868979796875 0.817735690625
3 0.3029518390625 0.10455969062499999 0.354738478125 0.1736085421875 0.35525634375 0.1864319 0.5251165203125 0.21010579218749997 0.6525116515625 0.16966289375000002 0.6752977734375001 0.2278612125 0.720870015625 0.2278612125 0.7286380109375 0.16769006875 0.7410668046875 0.1637444203125 0.7571206625 0.0759537375 0.748316934375 0 0.29466597656250004 0.0029592359374999997 0.2951838421875 0.027619540625 0.3029518390625 0.10455969062499999