3 0.7720020109375 0.353082959375 0.5691241125000001 0.32334631875 0.527646834375 0.327640671875 0.48593790625000005 0.42633093437499997 0.7084208515625 0.46830738125 0.7441619578124999 0.4397759109375 0.7720020109375 0.353082959375
3 0.7706461640625 0.3466752734375 0.820202046875 0.24414497812499997 0.58486740625 0.22830667187499998 0.5530127421875 0.3204378046875 0.7706461640625 0.3466752734375
3 0.836521553125 0.23367764375000002 0.8490580968750001 0.1342525859375 0.6127850671874999 0.1225951765625 0.5910457234375001 0.21945258124999997 0.836521553125 0.23367764375000002
3 0.8617016546875 0.12149028906249999 0.8683209375000001 0.0422047203125 0.8580480421875001 0.0008349921874999999 0.6173699921875 0.015027940625 0.6135670578125 0.11911109843750001 0.8617016546875 0.12149028906249999
3 0.28101108125 0 0.278225740625 0.0384533390625 0.41715322343750005 0.048125973437500004 0.4345176265625 0 0.28101108125 0
3 0.331942103125 0.4215511046875 0.298624578125 0.42061179375 0.3036022671875 0.36731292656250003 0.1642831984375 0.340712196875 0.1400120765625 0.3430373515625 0.1096943484375 0.39719956875 0.10805275624999999 0.423186271875 0.258712459375 0.4552782609375 0.3329334109375 0.4420314546875 0.331942103125 0.4215511046875
3 0 0.9471843328125 0.2233887265625 0.9582060484375001 0.09568322812499999 0.8579769703125001 0 0.9388230640625 0 0.9471843328125
3 0.6325936171875 0.7999235609375 0.3731407109375 0.6736927765625 0.2748826484375 0.66954938125 0.0841861953125 0.8531825265625 0.2212095859375 0.9580985328124999 0.3657149890625 0.9652282453125001 0.6978038296875 0.940629071875 0.858048125 0.8286605093749999 0.805959284375 0.799318284375 0.6325936171875 0.7999235609375
3 0.6385896671875 0.798105803125 0.8686314609375 0.7939560609375 0.933223896875 0.5061711078125 0.44149024375 0.48120506093750004 0.3158378140625 0.6426842296874999 0.6385896671875 0.798105803125
3 0 0.9283759296874999 0.0942227265625 0.83958706875 0.06394467968749999 0.8386626046875 0.056760059375000005 0.8384432390625 0 0.779765809375 0 0.9283759296874999
3 0 0.78236201875 0.054178899999999995 0.8312705656249999 0.0925540859375 0.8345730140625 0.262290825 0.6696326484374999 0.3653196265625 0.6711932968750001 0.306165815625 0.6422070265625 0.31495116093750003 0.6341860953125 0.2864302421875 0.624324521875 0.21119093125 0.586090225 0.037615949999999995 0.5627310765625 0 0.61193611875 0 0.78236201875
3 0.31190080781249996 0.6291038703125 0.437501503125 0.48030373125 0.1373568484375 0.46690404062499996 0.10638647500000001 0.4928527625 0.31190080781249996 0.6291038703125
3 0 0.5515456546874999 0.0008047453125 0.5524604703125 0.1886401875 0.58075040625 0.0959324875 0.49585963906249997 0.1318299953125 0.4666313515625 0 0.4588479546875 0 0.5515456546874999
3 0.16720184531249999 0.3028114515625 0.14926307968750002 0.22090515625 0.0067125671875 0.2335988 0.0302040578125 0.3094382703125 0.16720184531249999 0.3028114515625
3 0.172465284375 0.217118196875 0.2047374015625 0.13557564375 0.05061106875 0.1251531171875 0.027854546875000004 0.20786968906249997 0.172465284375 0.217118196875
3 0.26193210312500004 0.0425811578125 0.236461534375 0.0378018109375 0.0708640390625 0.016245326562500002 0.040130031249999996 0.097159234375 0.210159596875 0.12386611875 0.23317717343750002 0.05243494375 0.26193210312500004 0.0425811578125
3 0.1742679921875 0.33979576875 0.3001344578125 0.35164211875 0.3118655015625 0.33672120156249996 0.338456725 0.3302833234375 0.3456498625 0.2608895203125 0.196737584375 0.2521333125 0.17382230781250002 0.26086615625 0.1742679921875 0.33979576875
3 0.20911773125000002 0.15340507187500002 0.166391625 0.23795450156250003 0.3132707265625 0.25576931406250003 0.342443109375 0.256504109375 0.351410721875 0.2414468484375 0.37138030624999996 0.2396139921875 0.379096734375 0.23013125625000003 0.37388267656249996 0.2284649375 0.3792249046875 0.1610934125 0.25904168906249997 0.1488229328125 0.2257241640625 0.14788362187499998 0.20911773125000002 0.15340507187500002
3 0.3775562625 0.15607935625 0.384698840625 0.13670485625 0.405137615625 0.1327815515625 0.419345159375 0.11305109687499999 0.3943696546875 0.0998417875 0.41574563906249995 0.0543973171875 0.38182839375 0.049905753125 0.272360221875 0.0459137984375 0.2382348359375 0.0547980796875 0.21594750937499999 0.1354242046875 0.3775562625 0.15607935625
3 0.44039582812500006 0 0.39989650781249997 0.100114475 0.4379071578125 0.1174895859375 0.606007028125 0.1278970140625 0.60691600625 0.018034814062499998 0.6252169515625 0.0111879046875 0.5953143140625 0.0012581578125 0.49768218593749997 0 0.44039582812500006 0
3 0.5785585609375 0.2315180625 0.6007153609375 0.1452492390625 0.5559266703125 0.1331759703125 0.386993071875 0.1389316484375 0.38034791874999996 0.22455673125 0.5785585609375 0.2315180625
3 0.348597915625 0.3286700796875 0.5019163875 0.3489161984375 0.51904375625 0.328625271875 0.5453221828125 0.3235810265625 0.5645074171875 0.250551703125 0.432045178125 0.2369708609375 0.355399465625 0.2423481796875 0.348597915625 0.3286700796875
3 0.44258385 0.4389870796875 0.482392490625 0.42967866875 0.509606946875 0.34577298125 0.3126216234375 0.3395766375 0.3078532484375 0.41683993125 0.44258385 0.4389870796875