1 0.207171 0.344885025 0.286197928125 0.316009225 0.3580802953125 0.2715522984375 0.3085061265625 0.22397581249999998 0.2959949234375 0.17537516250000001 0.2249920453125 0.1680344203125 0.1535564046875 0.18618141562499999 0.09341245312499999 0.23748006250000003 0.0911319640625 0.2845171359375 0.1304105921875 0.327545940625 0.207171 0.344885025
1 0.141079046875 0.4846750328125 0.24388993593750002 0.45139460312499996 0.21468348750000002 0.4260684453125 0.21391071093749997 0.384309515625 0.2219906015625 0.3448042328125 0.106752275 0.32455090000000003 0.0409903984375 0.357629353125 0.009126546874999999 0.40153926562500003 0.008247053125 0.45333692968749995 0.046292209375 0.4817389171875 0.141079046875 0.4846750328125
1 0.7397085421875 0.311728203125 0.7128105031249999 0.23772060625 0.6481096 0.208312984375 0.5709443515625 0.2148172671875 0.505363953125 0.2372073109375 0.4511869359375 0.2861715234375 0.4349992328125 0.366826459375 0.5293114234375 0.39771687031249997 0.6884731015625001 0.361991753125 0.7397085421875 0.311728203125
1 0.406957409375 0.6219975703125 0.5010691828125 0.5774194578125 0.48221412812500003 0.5533522421875 0.4715785671875 0.4815578921875 0.43064766875 0.44856782500000003 0.34458785937499997 0.4552850234375 0.2669758859375 0.488099234375 0.227646390625 0.5353382828125001 0.2314165984375 0.5751078093750001 0.27069521875 0.6181366125000001 0.406957409375 0.6219975703125
1 0 0.779391121875 0.0410850515625 0.788413990625 0.1391764375 0.7712726296875 0.1290763359375 0.755214353125 0.12998375 0.701772315625 0.1842305703125 0.6486971765625 0.1265485875 0.64227034375 0.0420572953125 0.6438819140625001 0 0.651422165625 0 0.779391121875
1 0.36491466093749997 0.7417614296874999 0.46957823593750003 0.773910784375 0.5811021984375 0.751105846875 0.6561774359375 0.69314893125 0.6180764375 0.66803568125 0.5923281078125 0.6135880140625 0.5674642390625 0.5943217890625 0.487469084375 0.5929492546875 0.3979930515625 0.62632140625 0.3708068203125 0.6565588109375 0.3405254390625 0.694540909375 0.36491466093749997 0.7417614296874999
1 0.880036003125 0.861611846875 0.943330940625 0.7992797609375 0.9561024140625 0.7452797796875 0.9007986328124999 0.6860605796875 0.8550784328125 0.6733205046874999 0.7510201125 0.6927963046875 0.6570758609375 0.7275081921875 0.62211685625 0.779162803125 0.6489450953125 0.85728133125 0.7418562984375 0.8834111437500001 0.880036003125 0.861611846875
1 0.2855347078125 0.9659722703125 0.42102411249999994 0.9280743046875 0.420516571875 0.87069385625 0.42733508125 0.818206125 0.396685765625 0.7905859265624999 0.33456347656249996 0.7838544578125 0.25293001249999997 0.791698475 0.1928558609375 0.8388861984375 0.1622673609375 0.8949563734374999 0.1883228140625 0.9313159703125 0.2855347078125 0.9659722703125
1 0.3966419796875 0.269533434375 0.512787721875 0.2363447296875 0.5851307734375 0.164755696875 0.5651539343749999 0.11948418125 0.47246609531250006 0.080199403125 0.40282233125 0.08008581249999999 0.319285303125 0.1127679 0.27974640625 0.1723397296875 0.29238325 0.213540709375 0.318480584375 0.24743375156249997 0.3966419796875 0.269533434375
1 0.2263241875 0.43866546562500003 0.28508607656249996 0.46876315156250004 0.4040338 0.44509563593749996 0.49822934218750003 0.395584415625 0.45996081718750004 0.38033738906250003 0.43410080625 0.3324672 0.41710743125 0.2860284671875 0.34595099218750003 0.287731759375 0.26535555 0.32171319062500003 0.21584218593750001 0.357827075 0.20472299062500002 0.40178831875 0.2263241875 0.43866546562500003
1 0.175447703125 0.6423326078125 0.2574720515625 0.6114674078125 0.23182144375 0.5512644390625 0.25330598437499996 0.5077399515625001 0.2313139046875 0.493883990625 0.13817934375000002 0.48090913906250005 0.0592082578125 0.5064961968749999 0.0123572734375 0.560353125 0.0292389734375 0.6133693375 0.088028784375 0.6418226546875 0.175447703125 0.6423326078125
1 0.7884081859375 0.49808147031249994 0.786122734375 0.45813942812499997 0.733774503125 0.39939738281250003 0.6570699359375001 0.37876955625000003 0.5471284515625 0.3956466765625 0.4660583609375 0.45758240156249996 0.47211402812500003 0.5372939671875 0.5826049281250001 0.5753307375000001 0.654222053125 0.5464953312499999 0.7884081859375 0.49808147031249994
1 0.7494655578125 0.6970797453124999 0.8564794203125 0.6780811015625 0.940505053125 0.61662253125 0.931354246875 0.5446556625000001 0.8459924531249999 0.5102636 0.748361753125 0.5002728484375 0.6559441328125 0.53234566875 0.5954232562499999 0.6058433125 0.6090004 0.6789370046875 0.6694006078125 0.6998181359375 0.7494655578125 0.6970797453124999
1 0 0.941070865625 0.06796014375000001 0.9510450734375 0.169090834375 0.9294477499999999 0.1699563671875 0.878472271875 0.2122972453125 0.8284216328125 0.1920970453125 0.7963050796875 0.10942555000000001 0.778011690625 0.0454834703125 0.79118518125 0 0.8106026906249999 0 0.941070865625
1 0.2158251625 0.795189196875 0.3093785296875 0.783498490625 0.3736277359375 0.7522369265625 0.352403459375 0.6931607796875 0.388930971875 0.6364005406250001 0.36535641406249997 0.628472390625 0.30331789531250003 0.6168078109375 0.23796086718749998 0.62604289375 0.1737116625 0.6573044578125 0.13134285625 0.7089994671875 0.149499909375 0.774175940625 0.2158251625 0.795189196875
1 0.6294010234375 0.7865220734375 0.5807950734375 0.769193921875 0.5109698265625 0.779768740625 0.42286686093750003 0.8195458562500001 0.40292290937499997 0.8596090859375 0.405152521875 0.9028398671875 0.47984184531249996 0.9548832468749999 0.489440440625 0.9547643671875001 0.6754940625 0.93314645 0.738761146875 0.891155846875 0.64909865625 0.8482372937499999 0.6294010234375 0.7865220734375