1 0.475796140625 0.1450488140625 0.4872152484375 0.17852161718749998 0.500537540625 0.19107391875 0.536698046875 0.18967921875 0.5595362625 0.1980474203125 0.5918904 0.1757322171875 0.5785681078125 0.1436541140625 0.53098849375 0.11576011093750001 0.50624709375 0.11018131093750001 0.43773245000000005 0.11854951250000001 0.475796140625 0.1450488140625
1 0.310219084375 0.1729428171875 0.3273477453125 0.20223152031249997 0.374927359375 0.2301255234375 0.39586238906250004 0.248256625 0.4080159296875 0.24173973906250001 0.47389295625 0.2064156203125 0.468183403125 0.157601115625 0.42250697343750004 0.1283124125 0.39776557343749996 0.1143654109375 0.3349604828125 0.1450488140625 0.310219084375 0.1729428171875
1 0.152254765625 0.2329149234375 0.18651208749999998 0.28033472812500004 0.22647896250000002 0.31241283124999997 0.314025453125 0.2663877265625 0.3577986984375 0.248256625 0.3311541140625 0.21896792187499997 0.2835745 0.18270571875 0.2378980703125 0.17154811718750002 0.152254765625 0.1966527203125 0.152254765625 0.2329149234375
1 0.0019031843749999998 0.2594142265625 0 0.3751743375 0.020935029687500002 0.39191073906249996 0.0799337515625 0.3528591359375 0.1446420265625 0.336122734375 0.1617706875 0.32914923281249997 0.1446420265625 0.281729428125 0.10657833593749999 0.25523012500000003 0.0818369359375 0.2343096234375 0.011419107812499999 0.249651325 0.0019031843749999998 0.2594142265625
1 0.5709553703125 0.2105997203125 0.6052126921875 0.23570432343749997 0.6394700140625 0.2594142265625 0.6642114140625 0.2677824265625 0.7041782890625 0.23849372343750003 0.7003719203125 0.213389121875 0.6680177828125 0.18688981875 0.6337604609375 0.1687587171875 0.5823744765625001 0.18967921875 0.5709553703125 0.2105997203125
1 0.43392608125 0.27196652656250003 0.46628021875 0.31101813125 0.5100534640625 0.30683403125000003 0.567149 0.285913528125 0.6109222453125 0.2594142265625 0.6033095078125 0.24407252499999998 0.5633426312500001 0.2078103203125 0.5214725703124999 0.19386331875 0.4910216171875 0.19107391875 0.41679742031250006 0.24407252499999998 0.43392608125 0.27196652656250003
1 0.2398012546875 0.31799163125 0.25502673124999997 0.3668061359375 0.32354137656250004 0.4156206421875 0.399668759375 0.37656903750000004 0.4491515578125 0.3333333328125 0.43773245000000005 0.2914923296875 0.39776557343749996 0.26220362656249996 0.34828277500000004 0.256624825 0.2664458390625 0.274755928125 0.2398012546875 0.31799163125
1 0.066611459375 0.3835425390625 0.0532891671875 0.43235704375 0.0818369359375 0.4825662484375 0.131319734375 0.5146443515625 0.2055439328125 0.475592746875 0.2417044390625 0.44351464375000005 0.3007031609375 0.43933054374999997 0.27596176250000004 0.3947001390625 0.2359948859375 0.351464434375 0.18270571875 0.336122734375 0.091352859375 0.34309623437500003 0.066611459375 0.3835425390625
1 0.687049628125 0.277545328125 0.7422419812500001 0.3277545328125 0.7726929328125001 0.34867503437499997 0.8316916546875 0.340306834375 0.848820315625 0.31938633125 0.8335948390624999 0.274755928125 0.787918409375 0.24267782499999999 0.7422419812500001 0.23709902343749997 0.6737273359375 0.26359832656250004 0.687049628125 0.277545328125
1 0.8450139468750001 0.3891213390625 0.9021094843749999 0.4225941421875 0.9287540671875 0.43514644375 0.974430496875 0.408647140625 0.9839464203125001 0.3668061359375 0.940173175 0.3277545328125 0.9078190375 0.31520223125 0.808853440625 0.3584379359375 0.8450139468750001 0.3891213390625
1 0.654695490625 0.4253835421875 0.6756305203124999 0.47140864687499995 0.7403387953125 0.5062761499999999 0.7669833796875001 0.528591353125 0.8431107624999999 0.5062761499999999 0.873561715625 0.4532775453125 0.8678521625 0.40027894062499997 0.80695025625 0.3807531375 0.7784024875 0.3668061359375 0.6813400749999999 0.3947001390625 0.654695490625 0.4253835421875
1 0.529085309375 0.3207810328125 0.5424076015625 0.3556485359375 0.5804712921874999 0.412831240625 0.6166317984374999 0.44211994375 0.6470827515625001 0.43235704375 0.7289196890625 0.35983263593750003 0.7365324265625001 0.3207810328125 0.6794368890625 0.2928870296875 0.6508891218749999 0.276150628125 0.5633426312500001 0.28033472812500004 0.529085309375 0.3207810328125
1 0.3597018828125 0.41701534218749997 0.3901528359375 0.4518828453125 0.44344200312500004 0.49372385 0.47389295625 0.5160390515625 0.5081021875 0.4958442890625 0.5424076015625 0.475592746875 0.593793584375 0.45467224531249995 0.567149 0.408647140625 0.5176662015625 0.3570432359375 0.4834088796875 0.34867503437499997 0.37302417499999996 0.3779637375 0.3597018828125 0.41701534218749997
1 0.163673871875 0.5230125515624999 0.159867503125 0.56345885625 0.2112534875 0.599721059375 0.2721553921875 0.6108786609375 0.3597018828125 0.589958159375 0.39586238906250004 0.55648535625 0.3901528359375 0.4895397484375 0.34828277500000004 0.45467224531249995 0.285477684375 0.43375174375 0.1788993484375 0.468619246875 0.163673871875 0.5230125515624999
1 0.4891184328125 0.534170153125 0.502440725 0.587168759375 0.5538267078125 0.6290097625 0.6052126921875 0.6415620640624999 0.658501859375 0.6359832640625 0.7098878421875 0.5857740578125 0.7346292421875 0.5509065546875 0.72511331875 0.5132496515625 0.6527923062500001 0.467224546875 0.6394700140625 0.45746164531250005 0.53098849375 0.4839609484375 0.4891184328125 0.534170153125
1 0.873561715625 0.465829846875 0.8335948390624999 0.5411436546874999 0.848820315625 0.5732217578125 0.9002063 0.599721059375 0.9420763593749999 0.6080892609374999 0.995365528125 0.589958159375 0.9877527890625 0.4295676421875 0.9192381453125 0.43654114374999997 0.873561715625 0.465829846875
1 0.6508891218749999 0.6415620640624999 0.6508891218749999 0.6987447703125 0.7098878421875 0.751743375 0.7974343328125 0.7726638765625 0.8830776390624999 0.7433751749999999 0.9344636218750001 0.6722454671875 0.9306572531249999 0.6206415625 0.8830776390624999 0.588563459375 0.7974343328125 0.5718270578125 0.7688865640625 0.56903765625 0.7022751046875 0.589958159375 0.6508891218749999 0.6415620640624999
1 0.0038063687499999997 0.7029288703125001 0.032354137500000005 0.7405857734375 0.10086878125000001 0.750348675 0.1465452109375 0.7029288703125001 0.18270571875 0.655509065625 0.180802534375 0.6080892609374999 0.1446420265625 0.5760111578125 0.0856433046875 0.5481171546875 0.0038063687499999997 0.5788005578125001 0.0038063687499999997 0.7029288703125001
1 0.28167131562500003 0.6359832640625 0.2626394703125 0.6973500703125 0.2968967921875 0.747559275 0.3577986984375 0.774058578125 0.43773245000000005 0.7712691765625 0.5138598328125 0.7308228734375 0.567149 0.6694560671875001 0.532891678125 0.6066945609375 0.45676429531249996 0.56345885625 0.43582926562499996 0.56624825625 0.34447640625 0.5815899578125 0.28167131562500003 0.6359832640625
1 0.0704178296875 0.7601115765625 0.0761273828125 0.7977684796875 0.10086878125000001 0.8702928875 0.15796431875 0.900976290625 0.2340917015625 0.8981868890625 0.317831821875 0.8465829843750001 0.30831590000000003 0.7698744765625001 0.2607362859375 0.721059971875 0.24360762500000002 0.6959553703125 0.1674802421875 0.69456066875 0.0704178296875 0.7601115765625
1 0.42631334218749994 0.781032078125 0.42060378906249996 0.8423988843749999 0.44153881874999995 0.8898186890625001 0.5081502796875 0.93165969375 0.5861808468749999 0.93723849375 0.723210134375 0.8786610874999999 0.7422419812500001 0.8256624828125 0.7060814734374999 0.747559275 0.6413731984375 0.7029288703125001 0.5462139703125 0.7043235703125 0.42631334218749994 0.781032078125
1 0.2664458390625 0.8647140859375 0.2378980703125 0.903765690625 0.2321885171875 0.9497907953125001 0.2645426546875 0.9846582984375001 0.5100534640625 0.9776847984374999 0.4891184328125 0.9191073921875 0.43392608125 0.8800557875000001 0.3882496515625 0.8326359828125 0.34447640625 0.8410041843749999 0.2664458390625 0.8647140859375