4 0.421762703125 0.4211254140625 0.30552532656250003 0.426451759375 0.27265282812499997 0.4722600375 0.2532448 0.5334396890625 0.46316667499999997 0.7053809171875 0.62202445 0.6315193484375 0.65747500625 0.5339647703125 0.6052346640625 0.47693016874999994 0.46263514062500005 0.3818458 0.421762703125 0.4211254140625
4 0.384874146875 0 0.3880502515625 0.0310632765625 0.3813192484375 0.08067272812500001 0.3557470109375 0.12179386249999999 0.51027876875 0.1289342015625 0.548660915625 0.1571266484375 0.6065388578124999 0.139865203125 0.6490288375000001 0.1050364734375 0.6864614796875 0 0.384874146875 0
4 0.6544933687500001 0.11387917968750001 0.607544490625 0.1488260359375 0.53183094375 0.1665600015625 0.4539330625 0.2495110484375 0.43924723749999994 0.35774985312499996 0.608030909375 0.407203134375 0.8636704515625 0.20944657812499998 0.895492203125 0.0895194453125 0.6972441859375 0.0116374578125 0.6544933687500001 0.11387917968750001
4 0.038846831250000005 0 0.032256046875 0.0337487203125 0.078332178125 0.0707248046875 0.103337621875 0.099271640625 0.0847596890625 0.1379606046875 0.10207115156249999 0.157723796875 0.16025505 0.13820737656249998 0.1766913 0.1153032375 0.2101330546875 0.11441726562500001 0.24287513593750001 0.1023154828125 0.3107642796875 0.1095043734375 0.378696078125 0.0672610078125 0.376291090625 0.0358685515625 0.37127049375 0 0.038846831250000005 0
4 0.18023233593750002 0.12195003281250001 0.1593371859375 0.144972303125 0.0837114078125 0.178432028125 0.15969071875000002 0.3224656203125 0.189112415625 0.40032658281250005 0.28515431874999997 0.42923831718749994 0.33634390937499997 0.4121540640625 0.384779909375 0.41536459062500003 0.42014516406249997 0.41667452968749996 0.45717060624999994 0.3730030953125 0.43710555468749995 0.373534678125 0.4462390796875 0.2407274078125 0.40457673281249995 0.1384751734375 0.347834840625 0.13099095624999998 0.360030375 0.0902242125 0.3022402 0.12321141875 0.239421865625 0.111394446875 0.2086032828125 0.125692140625 0.18023233593750002 0.12195003281250001
4 0.4171356609375 0.7335628484375001 0.446030746875 0.7170692468750001 0.386708334375 0.646741053125 0.32087310625 0.6080415734375 0.2765022828125 0.5912421359375 0.2678477828125 0.6386556765625 0.25141153437499997 0.661559815625 0.211063240625 0.68060371875 0.27484701718750004 0.8654040578125001 0.4486563859375 0.845071240625 0.46898227812500004 0.777126665625 0.4171356609375 0.7335628484375001
4 0 0.7519595359375 0.036205590625 0.74140795625 0.1665620015625 0.6975107734375 0.20599242968749998 0.6852317984375 0.24756454374999998 0.6571679953125 0.26045975781249997 0.627617059375 0.26981393124999997 0.5914193296875 0.23877469687500003 0.5091074812499999 0.2142080890625 0.5591894515625 0.1763952 0.575919315625 0.12057117343749998 0.5616701734375 0.0637415125 0.5384601984375 0 0.5508337046875 0 0.7519595359375
4 0.56374785625 0.40612945468749995 0.5840762125000001 0.45277515468749996 0.67216329375 0.5403162421875 0.6929280234374999 0.5510004687500001 0.72282874375 0.5434677031249999 0.96582825 0.4162799625 0.9733982734375 0.302729590625 0.8596052734375 0.22303549218750002 0.6020422328125 0.41859614062499995 0.56374785625 0.40612945468749995
4 0.9584044437499999 0.47347986875 0.8848338328124999 0.46278214218749997 0.69139825 0.5622753453125 0.6584806359375001 0.5429256062500001 0.6050640578125 0.6746591984375 0.9078329421875001 0.7025878546875 0.9337892234374999 0.654901196875 0.9584044437499999 0.47347986875
4 0 0.5126625515625001 0.1779249734375 0.5646444390625 0.2071260171875 0.5458958609375 0.228239353125 0.50489285625 0.2561288109375 0.47943841875000004 0.29092480468750004 0.4358260484375 0.1782711171875 0.3983669296875 0.15938476562499998 0.32472059375 0.11929730937500001 0.27635150625 0.033484795312499996 0.25390937187499996 0 0.2765137234375 0 0.5126625515625001
4 0.7582866921875 0.7896839515625 0.7539130953125001 0.690937565625 0.597763796875 0.6793463421875 0.599511759375 0.6500907312499999 0.420894884375 0.722228909375 0.597505421875 0.8613496109375 0.7582866921875 0.7896839515625