1 0.6642019390625 1 0.6585064984375 0.8953135390625 0.565457640625 0.8432721359375 0.5163575390624999 0.9384524078125001 0.51415705 1 0.6642019390625 1
1 0.536673575 1 0.5379283734375 0.9987706281250001 0.5263390578125 0.8804875671874999 0.45007993125 0.8258536218750001 0.40234147187499997 0.93210835625 0.40476655937499995 1 0.536673575 1
1 0.4176939421875 1 0.4360071 0.9736725093749999 0.4284289078125 0.8169378828125 0.3200628765625 0.77546133125 0.29482561875 0.9405916609375 0.29968786718749996 0.9891570703125 0.3871567109375 1 0.4176939421875 1
1 0.29441925 0.9885039546875 0.295022703125 0.9842387484374999 0.31193570937500004 0.9536183453125 0.30878754218750004 0.7958749265625 0.20129642812499998 0.7545068328125 0.1800148296875 0.88273666875 0.1849542359375 0.9749343046875 0.29441925 0.9885039546875
1 0.537300015625 0.9426064609375 0.6196835390625 0.9979996109375 0.6860908140624999 0.9594931140625 0.6958999890625 0.8080297859375 0.6331958390625 0.7675397734375 0.6015449453125 0.743362846875 0.5404302421875 0.805894709375 0.537300015625 0.9426064609375
1 0.41228588593750004 0.9489206171875001 0.4490322640625 0.9534758203125 0.5038621890625 0.992989715625 0.5619208828125 0.9176154046875 0.561619275 0.753993046875 0.471946796875 0.7304133296875001 0.41602612031249997 0.7951470140625 0.41228588593750004 0.9489206171875001
1 0.3695012828125 0.990355459375 0.40824404843749995 0.9390718687499999 0.434559284375 0.9158488046875 0.43272967500000004 0.745805221875 0.3214309109375 0.6634583640625 0.2687756984375 0.7597558859375 0.2646967515625 0.8246842328125 0.2717574984375 0.9221525406250001 0.2987010921875 0.95509364375 0.353543384375 0.9696818437499999 0.3695012828125 0.990355459375
1 0.2749367921875 0.9069671296875 0.285725403125 0.8755875281250001 0.2971056703125 0.75392005 0.2973953125 0.7212389625 0.173157553125 0.7058380328125 0.14970722812499998 0.796408175 0.1262445328125 0.9119040249999999 0.1862253984375 0.9302451171874999 0.255497584375 0.95908570625 0.2749367921875 0.9069671296875
1 0.7736875296875 0.647855809375 0.7191903359375 0.599035446875 0.70525954375 0.57082335625 0.6688087859375 0.6317387875 0.6653151109375 0.7294566796875 0.6960232656249999 0.7800019296875 0.755923940625 0.8497455046875 0.8374820218749999 0.805327390625 0.9055836718749999 0.7685888890625 0.9517446484375001 0.75561573125 0.9395453312500001 0.6543945250000001 0.9222936125000001 0.596169671875 0.8363609593750001 0.6400454984375 0.7736875296875 0.647855809375
1 0.583664465625 0.8502029671875 0.6460422734375 0.776922021875 0.7062820624999999 0.714281703125 0.6984820515625 0.5637513828125 0.5939300578125 0.440176171875 0.4774244890625 0.6017823359375 0.4524030671875 0.6625566359375 0.4661427625 0.7452733609375 0.5006278484375 0.7884970546875001 0.5779282546875 0.838586225 0.583664465625 0.8502029671875
1 0.49735640156249994 0.6587814875 0.4951509734375 0.47466974375 0.37565762343750003 0.3757275390625 0.2663300984375 0.508622428125 0.244432515625 0.555762396875 0.23501152812499998 0.696368184375 0.3037846171875 0.7391684749999999 0.36823859375 0.7798753984375 0.4448244703125 0.7270511546875 0.49735640156249994 0.6587814875
1 1 0.2302988890625 0.925221184375 0.09642995625 0.8005026796875001 0.16821475156250001 0.680090921875 0.2670186078125 0.6758699406249999 0.507977940625 0.72749583125 0.612528640625 0.7510383109375 0.6668594671875 0.8957134671875 0.6022224234375 1 0.5380035140625 1 0.2302988890625
1 0.40050669375 0.22145474843750002 0.4043817609375 0.45718588281250006 0.4260080484375 0.5159530234374999 0.49646314062499997 0.5854470078125 0.5194634359375 0.6303629109375 0.66742879375 0.5474383031250001 0.7255983968749999 0.4689618359375 0.70936363125 0.2348144546875 0.704570159375 0.1968293890625 0.6351256249999999 0.0744903046875 0.6178615390625 0.0411911515625 0.5121138625 0.12311739531250002 0.40050669375 0.22145474843750002
1 0.3392384 0.0424849921875 0.3091193203125 0.0114488640625 0.2590412 0.00959411875 0.2006876421875 0.1078812390625 0.1381187359375 0.23566682656250001 0.1207557015625 0.40177327187499995 0.11717585 0.45274191718749995 0.16232626562500002 0.4926138625 0.2514872796875 0.5550789796875 0.29501114687499996 0.5667061515625 0.3820529046875 0.491808775 0.4375977671875 0.41300693749999995 0.4389350796875 0.25270364375 0.44417858125 0.1552026625 0.3392384 0.0424849921875