1 0.4201952578125 0.19525801874999998 0.5045467218749999 0.2315202234375 0.545160390625 0.1408647140625 0.545160390625 0.05299860468749999 0.46393305468749996 0.023709903125 0.409260809375 0.0739191078125 0.4201952578125 0.19525801874999998
1 0.524072525 0.089260809375 0.5381311015625 0.19386331875 0.6076429562500001 0.2343096234375 0.6466945609375 0.13389121406249999 0.6412273359375 0.05718270625000001 0.5717154812499999 0.0209205015625 0.54828451875 0.061366806249999996 0.524072525 0.089260809375
1 0.6154532781250001 0.10041840937499999 0.627168759375 0.2398884234375 0.72479776875 0.2649930265625 0.7419804734375 0.1143654109375 0.734170153125 0.05718270625000001 0.6591910734375 0.0223152015625 0.637322175 0.06415620625 0.6154532781250001 0.10041840937499999
1 0.7263598328125 0.10460251093749999 0.734170153125 0.24546722499999998 0.8310181312499999 0.2705718265625 0.8458577406250001 0.15341701562500001 0.8372663875 0.05718270625000001 0.745885634375 0.0223152015625 0.7404184093749999 0.0753138078125 0.7263598328125 0.10460251093749999
1 0.38973500625 0.277545328125 0.44675034843750006 0.30683403125000003 0.47564853593749995 0.3249651328125 0.5279776843749999 0.26220362656249996 0.5264156203125 0.13947001406249998 0.45143654062499994 0.099023709375 0.3936401671875 0.1408647140625 0.38973500625 0.277545328125
1 0.5053277546875 0.1645746171875 0.5107949796875 0.31101813125 0.5912412828125 0.3221757328125 0.638884240625 0.2580195265625 0.637322175 0.11994421250000001 0.604518828125 0.11994421250000001 0.554532775 0.090655509375 0.5053277546875 0.1645746171875
1 0.61857740625 0.152022315625 0.6256066953125 0.3040446296875 0.7271408640625 0.3654114359375 0.7708786609375 0.2733612265625 0.7724407249999999 0.214783821875 0.7630683406250001 0.1283124125 0.7380753140625 0.1018131109375 0.6888702921875 0.094839609375 0.6740306828125 0.07810320781249999 0.6412273359375 0.1283124125 0.61857740625 0.152022315625
1 0.76072524375 0.1422594140625 0.7521338906249999 0.17154811718750002 0.745885634375 0.281729428125 0.7466666671875 0.31101813125 0.857573221875 0.31101813125 0.875536959375 0.22733612343749998 0.892719665625 0.12133891249999999 0.8388284515625 0.1115760109375 0.7763458859375 0.093444909375 0.76072524375 0.1422594140625
1 0.2046304046875 0.336122734375 0.1640167359375 0.3528591359375 0.1780753140625 0.44211994375 0.19525801874999998 0.49232915000000005 0.2702370984375 0.44351464375000005 0.3256903765625 0.4295676421875 0.37567642968750004 0.467224546875 0.388953975 0.49093444843749995 0.41941422656249994 0.43235704375 0.41941422656249994 0.344490934375 0.3905160390625 0.3026499296875 0.3350627609375 0.246861925 0.26398884218749996 0.29567642968749996 0.2046304046875 0.336122734375
1 0.38348675 0.3626220359375 0.39520223125 0.49651325 0.492050209375 0.5955369593750001 0.5904602515625 0.43793584374999994 0.610767084375 0.3807531375 0.595927475 0.30822873125 0.5639051609375 0.2733612265625 0.4936122734375 0.23709902343749997 0.48814504843749995 0.22733612343749998 0.43503486718750006 0.2998605296875 0.38348675 0.3626220359375
1 0.5709344484375001 0.3891213390625 0.5787447703125 0.5536959546875 0.6880892609375 0.6290097625 0.781032078125 0.49790795 0.798995815625 0.4532775453125 0.8029009765625 0.32635983281250003 0.7404184093749999 0.29567642968749996 0.6818410046875 0.2663877265625 0.6154532781250001 0.3221757328125 0.5709344484375001 0.3891213390625
1 0.21868898125 0.4839609484375 0.1015341703125 0.5732217578125 0.114811715625 0.7921896796875 0.208535565625 0.94002789375 0.3170990234375 0.8619246859375 0.42097629062499997 0.7601115765625 0.4170711296875 0.5439330546875001 0.367866109375 0.45606694531249997 0.345216178125 0.41004184062500004 0.21868898125 0.4839609484375
1 0.374114365625 0.5843793578125 0.3959832640625 0.7921896796875 0.4014504875 0.8256624828125 0.4670571828125 0.9274755921875 0.48345885624999996 0.9553695953125001 0.574839609375 0.8702928875 0.6709065546875 0.7698744765625001 0.6599721062499999 0.55927475625 0.638884240625 0.5090655515625 0.574058578125 0.45467224531249995 0.5521896796875 0.41701534218749997 0.42331938593749996 0.50767085 0.374114365625 0.5843793578125
1 0.6318549515624999 0.6025104609375 0.6357601109375 0.746164575 0.634198046875 0.8340306828124999 0.731046025 0.9232914921875001 0.7880613671875001 0.973500696875 0.852105996875 0.8493723843750001 0.9036541140625 0.7280334734375 0.91380753125 0.5774058578125 0.9153695953125001 0.531380753125 0.8739748953124999 0.50069735 0.792747559375 0.45467224531249995 0.7536959546875 0.4490934453125 0.6787168765625 0.525801953125 0.6318549515624999 0.6025104609375