3 0.64315168125 0 0.6639966875 0.23480501406249998 0.6713181515625 0.2727295234375 0.8496514718749999 0.2432283640625 0.8667078984375 0.21015548750000002 0.8617719312500001 0 0.64315168125 0
3 0.5325202921875001 0 0.43850563593749997 0.0283406671875 0.43059160781249994 0.0381591015625 0.491437953125 0.32080105312499996 0.6661787515625 0.2728294046875 0.6329918718750001 0 0.5325202921875001 0
3 0.476838259375 0.32700191093750003 0.4284089328125 0.0224225375 0.23611232656249997 0.07014366250000001 0.2318364953125 0.091331153125 0.2907279359375 0.34501721406249997 0.476838259375 0.32700191093750003
3 0.0143891734375 0.121198003125 0.0837871828125 0.3614649765625 0.11807907343749999 0.4006404609375 0.278265853125 0.351768240625 0.2173744390625 0.05393989375 0.024350071875 0.103844771875 0.0143891734375 0.121198003125
3 0.9336298187500001 0.26029637499999997 0.91928396875 0.2251099125 0.7051106593750001 0.2785816109375 0.7244319515625001 0.581359840625 0.9278252468750001 0.5616279890625 0.9336298187500001 0.26029637499999997
3 0.49516445156250005 0.4294063828125 0.5070327484375 0.5149739546875 0.5222657984375 0.6322313359375 0.7207474640625 0.5993800421875 0.697697234375 0.2771477890625 0.4934842125 0.33555408125 0.49516445156250005 0.4294063828125
3 0.2617557046875 0.36648743125 0.056769857812500005 0.411891084375 0.0439429765625 0.453165728125 0.0823712265625 0.5816093203125 0.11475022187499999 0.718454446875 0.3015432421875 0.6830689953125 0.315870103125 0.6749010640625001 0.492292971875 0.6539182375 0.48620720312500004 0.335103796875 0.2789022625 0.3637873484375 0.2684864359375 0.385291403125 0.2617557046875 0.36648743125
3 0.8029738453125 0.9256360484374999 0.9329709625 0.8974846078125 0.957342603125 0.5684674421875 0.8422282718749999 0.5983997703124999 0.76986681875 0.61913534375 0.7512647390625 0.626202934375 0.7998310953125001 0.9094780171875 0.8029738453125 0.9256360484374999
3 0.5406802890625 0.83187208125 0.5508659046875 0.9127386578125 0.5576867625 0.9619154234374999 0.5585682578125 0.9785631374999999 0.7845599453125 0.9296236578125001 0.750445625 0.6425895500000001 0.5332717484375 0.6521356453125 0.526903371875 0.6879593640625 0.530403934375 0.7429205375 0.5406802890625 0.83187208125
3 0.5347388328125 0.983723503125 0.5329459078125 0.9247239281249999 0.5204424234375 0.782561596875 0.504390259375 0.681690828125 0.4943849046875 0.6615698359375 0.3412930421875 0.7170102375 0.2950835140625 0.7330955734375 0.2760721828125 0.7372125609375 0.298171159375 0.9188331046875 0.309597909375 0.9971579859374999 0.47847804531250004 0.995907021875 0.5347388328125 0.983723503125
3 0.26943219531249996 0.7264935546875 0.2514677453125 0.7010046 0.1826988171875 0.74021065625 0.06435499375 0.7861000671875 0.0347463515625 0.7955511765625001 0.07594593125 0.9988887406250001 0.302943896875 0.9972072750000001 0.299943971875 0.9539068890625 0.2834381 0.8126112921875001 0.26943219531249996 0.7264935546875