3 1 0.5859595843750001 0.9604604578125 0.5591790140625 0.8784798140625 0.6250463171875 0.8980981187499999 0.76461615625 1 0.828716828125 1 0.5859595843750001
3 1 0.3047203796875 0.97212413125 0.3245644953125 0.9850292828124999 0.35559774375000003 0.9097312015625001 0.41109768750000003 0.9213858390624999 0.5255211265625 1 0.5817218859375 1 0.3047203796875
3 0.94284225625 0.2211716921875 0.6907080624999999 0.0306981359375 0.6584604109375001 0.0292649078125 0.565836559375 0.1055100640625 0.5771759234375 0.25923972968750003 0.8403768968750001 0.45908700468749997 0.975179840625 0.35916729062499997 0.94284225625 0.2211716921875
3 0.8407333484375 0.464850009375 0.6485395296875 0.31774215781250004 0.5733008546875 0.3742026046875 0.5779788265625 0.390630190625 0.5453565578124999 0.4108447671875 0.5487916625 0.5403885328125 0.7801791437500001 0.6847194328125 0.8980677531250001 0.6073563656250001 0.88699955 0.4728119484375 0.8636844 0.4510864828125 0.8407333484375 0.464850009375
3 0.8910852109375 0.7164819265625 0.8181846359374999 0.662732465625 0.7811555593749999 0.685704703125 0.622490428125 0.5922417624999999 0.5773012265624999 0.6312948234375 0.57621364375 0.6581145421875 0.5561324296875 0.6738733765625 0.573909071875 0.7836676921875 0.8128702437499999 0.9320387453125001 0.907629575 0.8655577031250001 0.9012469921875 0.7771668593750001 0.8910852109375 0.7164819265625
3 0.22631207031249997 0.67628735625 0.2248056890625 0.7999442718750001 0.46530383124999997 0.9435623578125 0.55246359375 0.8874239078124999 0.5486720390625 0.7521171375 0.4927863796875 0.7218407609375 0.46433328749999997 0.735455678125 0.30042963125 0.631303384375 0.22631207031249997 0.67628735625
3 0.5475618234375 0.5136359921875 0.47408031250000005 0.465210103125 0.45101439374999996 0.4782812640625 0.30314999062500003 0.3760465515625 0.216220821875 0.4594360296875 0.22558086875 0.574005471875 0.46521704843749995 0.733034371875 0.57491200625 0.6564088875 0.5604804671875 0.5562938859375001 0.547371209375 0.5367618765625 0.5475618234375 0.5136359921875
3 0.551458303125 0.23826091093750001 0.283943709375 0.032691106250000004 0.1546428046875 0.132759428125 0.17089012812499998 0.2770327 0.44874581718749995 0.474187515625 0.57041459375 0.3859988796875 0.551458303125 0.23826091093750001
3 0.1634870171875 0.24614806250000001 0.006434696875 0.144780678125 0.020902609375 0.47030869375 0.1046038953125 0.522637496875 0.2093238390625 0.4247819203125 0.2038506140625 0.306689859375 0.1672815078125 0.277894125 0.1634870171875 0.24614806250000001
3 0.1979344890625 0.536665140625 0.13888195 0.4995909546875 0.10581794375 0.52746476875 0.0211841453125 0.476643284375 0.022416154687500002 0.50436346875 0.035505906250000004 0.715995296875 0.0940433265625 0.7515284359375001 0.18880265937500001 0.68504739375 0.1979344890625 0.536665140625
3 0.2237571515625 0.7617443234375 0.147103259375 0.721318028125 0.09788957968749999 0.7545090109375 0.035914703125 0.7226046390625 0.0469994359375 0.90181980625 0.14917668281250002 0.96205696875 0.238790425 0.90119031875 0.2352182703125 0.8138342843749999 0.22137022968750003 0.7971590078124999 0.2237571515625 0.7617443234375