3 0.2877316484375 0.164836953125 0.2967703390625 0.2416375859375 0.343470240625 0.243896428125 0.34422346406250004 0.219613875 0.3479895859375 0.19759016406250002 0.378871778125 0.1834724 0.414273315625 0.1829076890625 0.43536359375 0.193637190625 0.4481684046875 0.19871958437499998 0.46624578593750005 0.242202296875 0.4850763921875 0.2376846125 0.4790505984375 0.132083740625 0.29526389062499997 0.1326484515625 0.2877316484375 0.164836953125
3 0.5408149828125 0.1829076890625 0.5558794671875 0.2038019796875 0.71029043125 0.2246962703125 0.7200823453125 0.1693546375 0.6327083375 0.1083658984375 0.546087553125 0.115142425 0.5408149828125 0.1829076890625
3 0.7607564531250001 0.22356684843750002 0.7615096765625 0.27721435 0.7916386453125 0.27834377187500003 0.814235371875 0.27834377187500003 0.8451175640624999 0.29020269375 0.8601820484375 0.31561466718750003 0.879012653125 0.2930262453125 0.88202555 0.24333171875 0.927219003125 0.224131559375 0.9370109187500001 0.17839000625 0.8225208374999999 0.1614486890625 0.7607564531250001 0.22356684843750002
3 0.8850384468750001 0.2444611390625 0.88880456875 0.307144009375 0.9648802140624999 0.27721435 0.998775303125 0.290767403125 0.998775303125 0.2410728765625 0.9422834874999999 0.21791974375 0.8850384468750001 0.2444611390625
3 0.8601820484375 0.39806240625 0.998775303125 0.45848643593749994 0.9972688546875 0.29359095625 0.963373765625 0.281732034375 0.8812723265625 0.3105322734375 0.8601820484375 0.39806240625
3 0.6183970765625 0.409921328125 0.619903525 0.42290967031250004 0.6312018890625 0.42178025 0.6816679109375 0.5104398046874999 0.838338546875 0.5838521765625 0.9468028328125 0.530204675 0.9581011953124999 0.453404040625 0.7298742593750001 0.3636150640625 0.6183970765625 0.409921328125
3 0.509179565625 0.25462592812499996 0.509932790625 0.2732613765625 0.647019596875 0.3257794578125 0.6432534765625 0.33707366875 0.6816679109375 0.3438501953125 0.7291210359375 0.31222640468749996 0.7321339328125 0.2839908765625 0.7487048656249999 0.280037903125 0.7517177625 0.23203750781250002 0.5528665703125 0.20436669062499999 0.509179565625 0.25462592812499996
3 0.3894169171875 0.28568500937499997 0.3924298140625 0.35119143125 0.5114392390625 0.363050353125 0.5287633953124999 0.42742735468750004 0.6123712828125 0.42008611875 0.640993803125 0.3958035640625 0.6432534765625 0.3274735890625 0.455700646875 0.25180237656250004 0.3894169171875 0.28568500937499997
3 0.1031917171875 0.2653554296875 0.12202232187499999 0.328603009375 0.310328375 0.3715210109375 0.38263789843749996 0.3263441671875 0.3713395359375 0.2580141921875 0.176254465625 0.22300213906250002 0.1031917171875 0.2653554296875
3 0.235005953125 0.492933778125 0.271913940625 0.56804028125 0.4037281765625 0.5917581234375 0.5061666687499999 0.4816395671875 0.5167118078125 0.4319450390625 0.5287633953124999 0.43081561874999996 0.5106860140625 0.3664386171875 0.378118553125 0.3528855640625 0.235005953125 0.492933778125
3 0.5076731171875 0.5262517 0.5408149828125 0.65105273125 0.6831743593749999 0.6369349671875 0.7087839828125 0.56069904375 0.6281889921875 0.424603803125 0.5182182562500001 0.43476859218749997 0.5076731171875 0.5262517