1 0.8746116734375 0.40501511562500003 0.8648420328125 0.3166186703125 0.8216624875 0.245145471875 0.7848340296874999 0.29682494843749996 0.7583366687499999 0.337879603125 0.8032582234375001 0.38285948593749997 0.8410708343750001 0.45839916093750005 0.8746116734375 0.40501511562500003
1 0.8087482687499999 0.631133096875 0.8655465281250001 0.6936860421875 0.889028103125 0.689879490625 0.9007639093750001 0.6320390796875001 0.8904228484375001 0.530789628125 0.8685801015625 0.479511325 0.8391601734374999 0.47453134375 0.8360134499999999 0.5482402484375 0.8087482687499999 0.631133096875
1 0.8170100140625 0.7381535921875 0.8374857703125 0.883469421875 0.8836433843749999 0.8708725812500001 0.9021885468749999 0.8085720421874999 0.88554408125 0.742866125 0.8590367562500001 0.6720465015625 0.818845246875 0.6283775375 0.7699714328125 0.6521228171875 0.8170100140625 0.7381535921875
1 0.7443230078124999 0.0555070984375 0.755132303125 0.1410180203125 0.7415235499999999 0.26181255000000003 0.7256945859374999 0.312964653125 0.7435096437500001 0.33932424375000003 0.8041569796875001 0.304560490625 0.8142817109375 0.236752590625 0.8063572640625001 0.1504543671875 0.76549115 0.065340859375 0.7443230078124999 0.0555070984375
1 0.7633584765625 0.60189174375 0.742228046875 0.63887991875 0.7939212437500001 0.6325777390625 0.8409121484375 0.5599123015624999 0.8248668531250001 0.44200705625000003 0.7880938984375 0.36358185625 0.7584398515624999 0.3664711390625 0.762205671875 0.4643114546875 0.7633584765625 0.60189174375
1 0.6287130453125 0 0.6162090124999999 0.0176204609375 0.563720240625 0.1308131765625 0.58210671875 0.170025775 0.6510435546875 0.177230178125 0.6940921640625 0.285164178125 0.71173856875 0.30116263593750003 0.752257415625 0.25367959687499997 0.7639555062500001 0.1490172484375 0.748987584375 0.075048415625 0.705203196875 0 0.6287130453125 0
1 0.68745145625 0.2999854421875 0.6614600453125 0.372123503125 0.604850365625 0.5436802453125 0.6922768609375 0.6186887859375 0.711300225 0.6525239921875 0.7587316140625 0.6291723625000001 0.7648941203125 0.518215353125 0.7563982546875 0.419064121875 0.74172991875 0.318995625 0.68745145625 0.2999854421875
1 0.527219121875 0.0913406484375 0.4925354421875 0.11901867968749999 0.409624803125 0.2769388734375 0.47750419375 0.4639554140625 0.532494975 0.5712320765625 0.6159215312499999 0.5562695640624999 0.6624064828125 0.45252071875000005 0.6665451796874999 0.21723008125 0.5963623234375001 0.155728125 0.527219121875 0.0913406484375
1 0.57283735 0.8021887890625001 0.6204075718750001 0.9430017312500001 0.7523623296874999 0.9069900515624999 0.7246947890625 0.7633472765625 0.6706027640625 0.5777716171875 0.5772101640625 0.5590288859375 0.52491779375 0.617530396875 0.5073845359375 0.7419977546875 0.57283735 0.8021887890625001
1 0.3909882890625 0 0.1505760890625 0.065610721875 0.24044829375000001 0.2086299296875 0.363935425 0.2737971859375 0.44206051718749995 0.2446707515625 0.4877022140625 0.0891162265625 0.4833847265625 0 0.3909882890625 0
1 0.40229384687499997 0.827917371875 0.46655613906250004 0.7037061812500001 0.44653865625 0.43077754687500003 0.3729272796875 0.29215754843749997 0.245749759375 0.222793853125 0.14122052499999999 0.209692203125 0.1113700765625 0.2672726875 0.0031426296875 0.5387754859375 0.08199000468749999 0.7097898078125 0.1703629375 0.8651955625 0.275931828125 0.8754116906249999 0.40229384687499997 0.827917371875
1 0.44277497656250003 0.7336123953125 0.371028721875 0.8208391703125001 0.3202819625 0.9075385671875 0.323059384375 0.987794125 0.4487453375 0.9840700968749999 0.6442662296874999 0.91798829375 0.56414508125 0.7577287609375001 0.4821887 0.70724528125 0.44277497656250003 0.7336123953125
1 0 0.4977600171875 0.053720737500000004 0.44171495156249996 0.115229115625 0.2818302640625 0.10855237343749999 0.077079384375 0 0.106704334375 0 0.4977600171875