1 0.42602225000000005 0.35479160625 0.382836240625 0.3647698015625 0.34965729218749997 0.39840867812499997 0.35385691874999997 0.4344407484375 0.3835308234375 0.4585384796875 0.45636758593750004 0.46953239687500004 0.5192320140625 0.46155406093750007 0.5623022609375 0.43594775625000004 0.5679592078125 0.4032598328125 0.52244764375 0.364747165625 0.49288950312499996 0.3562775453125 0.42602225000000005 0.35479160625
1 0.135103525 0.36863995156249996 0.09425464375 0.4286718078125 0.1181095328125 0.46357810625000007 0.1870129234375 0.47448461406250003 0.2695210375 0.4638176953125 0.3185144921875 0.441468128125 0.304411984375 0.395840671875 0.25107999687500004 0.3634044359375 0.21958990156249997 0.35957954999999997 0.17632285625 0.358618059375 0.135103525 0.36863995156249996
1 0.6154027265625001 0.437127765625 0.66865368125 0.45862432656249996 0.7315835859375001 0.4747028109375 0.7356366984375 0.47573837656249995 0.8025155265624999 0.478787128125 0.8416524078125001 0.453093415625 0.8295050156249999 0.40594685 0.7919527984375 0.380111496875 0.7033941421875001 0.3703307546875 0.6523761234375 0.384822559375 0.6230263593750001 0.404483546875 0.6154027265625001 0.437127765625
1 1 0.45931258750000004 0.9379736140625001 0.44898366875000006 0.8751091890625 0.4569620109375 0.8223212859375 0.49797790624999994 0.8226570015625001 0.5432994328125 0.895725290625 0.585549578125 1 0.5808423109375 1 0.45931258750000004
1 0.5408886890625 0.4651604265625 0.4920457265625 0.50782654375 0.5179020296875 0.5474649781250001 0.5633557125 0.5781635875 0.6302113874999999 0.5780867140625 0.687164184375 0.568414453125 0.728302475 0.54745288125 0.743827571875 0.5196719109375 0.731819096875 0.49127908124999997 0.609514246875 0.43855946562500003 0.58203855625 0.4457616671875 0.5408886890625 0.4651604265625
1 0.22242481406249998 0.47683410000000004 0.195041728125 0.49653879375 0.175745334375 0.5461117109375 0.21538 0.5876188875 0.3275272890625 0.5963612656249999 0.40014410156249997 0.5776617734375 0.44514630312500003 0.5474107390625 0.4369901578125 0.5081656359375 0.40921347499999994 0.47473474375 0.332327584375 0.448025303125 0.3087505296875 0.45062647812499995 0.22242481406249998 0.47683410000000004
1 0.1539613203125 0.5253144187500001 0.15176310625 0.49401449062499997 0.0825471484375 0.44091207656250003 0.0031732749999999997 0.4283920796875 0.004184246875 0.564873271875 0.010717531249999999 0.5658827390625001 0.09327195 0.561467065625 0.14434785 0.5547893125 0.1539613203125 0.5253144187500001
1 0.6617246359375 0.585037225 0.6364008484375 0.6172881125 0.6485945453124999 0.6706859203125 0.71370349375 0.700258759375 0.7945343312500001 0.728618415625 0.8887499359375 0.705711234375 0.9160056765625001 0.66881561875 0.8960031234375 0.6230570515625 0.854355471875 0.5752549250000001 0.7736172390625 0.5593977546875 0.72449645 0.564556396875 0.6617246359375 0.585037225
1 1 0.7103419671875 0.9694650093750001 0.71844278125 0.9225655859374999 0.7580269765625001 0.9259490625 0.7882325171875 0.9267767828125001 0.7956218578125 0.96157394375 0.837502315625 0.9664577546875 0.8433802781249999 0.979100096875 0.851161475 0.982260684375 0.8531067765625 1 0.8640250999999999 1 0.7103419671875
1 0.87160544375 0.7803328390625001 0.804599275 0.7600931640625 0.7594234328125 0.766902028125 0.6889122171875 0.8043989625 0.6478781140625001 0.8394258375 0.663646315625 0.8444639031250001 0.6541254578125 0.8864412875 0.6997643609375 0.9421448796874999 0.792105890625 0.93169648125 0.8667704203125 0.9239803703125 0.9335450625 0.91296381875 0.9707036812500001 0.8856635890625 0.97846623125 0.87177310625 0.9110780406250001 0.7999606578125 0.87160544375 0.7803328390625001
1 0.526081328125 0.5898357 0.4551533640625 0.5710714296875 0.443434296875 0.5817488828124999 0.3275851703125 0.6041753234375 0.30031785 0.6395081265625 0.3027244375 0.6989386625 0.3562069234375 0.7516914453125 0.39358549531250003 0.7540846343750001 0.45257443437499995 0.7538329453125 0.479419634375 0.7582173328125 0.5411678234374999 0.76830211875 0.57631345 0.73470694375 0.595586696875 0.6820084015625001 0.5794133218749999 0.6222719390625 0.526081328125 0.5898357
1 0.035649023437499996 0.7461304906249999 0.0709567203125 0.7344146734375 0.120019634375 0.721441971875 0.19084340625000001 0.72614094375 0.21818017968749998 0.70018500625 0.21779815937499997 0.648612234375 0.17413751718749998 0.594515159375 0.093352984375 0.57240674375 0.05007436562499999 0.5698824453125 0.0042461953125 0.5732364515625 0.005416640625 0.731246459375 0.035649023437499996 0.7461304906249999
1 0.43876134375 0.7472757703124999 0.3661098046875 0.76128683125 0.33085998125 0.78081670625 0.29385185625 0.8284334812499999 0.272588778125 0.8779626953124999 0.28313789843750004 0.90110425 0.29057834374999997 0.9174263187499999 0.3811268390625 0.9303763843749999 0.4814624453125 0.937293725 0.5798197953125 0.9426045515625001 0.6287553625 0.9124409296874999 0.6422211625 0.8721137656250001 0.6063809515624999 0.8119402609374999 0.5431113546875 0.7652201984375 0.43876134375 0.7472757703124999
1 0.059399725 0.7669714859375001 0.15788441250000002 0.7894732375 0.2013598328125 0.81856533125 0.20157978437500002 0.8482587453124999 0.18234126875 0.9056457234374999 0.257040528125 0.9026180453125001 0.2938171265625 0.82374504375 0.26984648125 0.773210634375 0.23219007656250001 0.7333099765625 0.07877715156250001 0.7283382453125 0.025815601562500002 0.7459119703125 0.059399725 0.7669714859375001