1 0.464435146875 0.2398884234375 0.469142259375 0.31520223125 0.525627615625 0.32635983281250003 0.6268305437499999 0.34309623437500003 0.6644874484375001 0.350069734375 0.6958682015625001 0.3249651328125 0.7099895390625 0.2064156203125 0.6385983265624999 0.19107391875 0.5538702921875001 0.1757322171875 0.4840481171875 0.213389121875 0.464435146875 0.2398884234375
1 0.5656380750000001 0.17154811718750002 0.6338912140625 0.18967921875 0.6786087859375 0.2064156203125 0.7060669453124999 0.214783821875 0.725679915625 0.20362622031250002 0.74450836875 0.1073919109375 0.68253138125 0.0836820078125 0.6346757328125 0.06973500625 0.62526150625 0.059972106250000004 0.5499476984375 0.1143654109375 0.5656380750000001 0.17154811718750002
1 0.46129707187499996 0.3974895390625 0.4903242671875 0.42398884218750005 0.46757322187500006 0.5411436546874999 0.5146443515625 0.5620641562500001 0.5703451890625 0.536959553125 0.597018828125 0.49372385 0.6166317984374999 0.44351464375000005 0.632322175 0.3556485359375 0.50444560625 0.3333333328125 0.46129707187499996 0.3974895390625
1 0.632322175 0.3779637375 0.6244769875 0.472803346875 0.6103556484375 0.6164574609375 0.6817468625 0.587168759375 0.7311715484375 0.5160390515625 0.7468619249999999 0.40725244062500005 0.7303870296875 0.31380753125 0.656642259375 0.3640167359375 0.632322175 0.3779637375
1 0.722541840625 0.223152021875 0.721757321875 0.2594142265625 0.7625523015625 0.27894002812499996 0.8002092046874999 0.249651325 0.8331589953125 0.252440725 0.844142259375 0.256624825 0.8661087859375 0.214783821875 0.8590481171875 0.1729428171875 0.8276673640625001 0.1115760109375 0.80805439375 0.089260809375 0.74921548125 0.1269177125 0.722541840625 0.223152021875
1 0.74450836875 0.3863319390625 0.7374476984375 0.463040446875 0.8009937234375 0.3863319390625 0.8668933046875 0.31938633125 0.8543410046875 0.2608089265625 0.8221757328124999 0.24267782499999999 0.779027196875 0.251046025 0.7350941421875 0.3012552296875 0.74450836875 0.3863319390625
1 0.75078451875 0.47419804687499995 0.7343096234375001 0.5509065546875 0.7327405859375 0.5843793578125 0.75 0.6220362625 0.8049163187499999 0.588563459375 0.8700313812499999 0.56764295625 0.910041840625 0.5578800562499999 0.9327928875 0.5146443515625 0.906903765625 0.4225941421875 0.867677825 0.336122734375 0.782949790625 0.42677824218750005 0.75078451875 0.47419804687499995
1 0.8580020921875 0.24407252499999998 0.8799686187500001 0.31241283124999997 0.9191945609375001 0.401673640625 0.9631276156249999 0.45746164531250005 0.9796025109375 0.47140864687499995 0.9984309625 0.4253835421875 1 0.251046025 0.9686192468750001 0.22733612343749998 0.94351464375 0.21896792187499997 0.8783995812500001 0.211994421875 0.8580020921875 0.24407252499999998
1 0.6080020921875 0.5788005578125001 0.5805439328124999 0.6666666671875 0.5750523015625 0.7336122734375 0.5781903765624999 0.81729428125 0.6793933046875 0.8661087859375 0.7680439328124999 0.93723849375 0.7962866109375 0.9539748953125 0.8300209203125 0.8242677828125 0.8315899578125 0.785216178125 0.777458159375 0.68758716875 0.74921548125 0.6415620640624999 0.6739016734375001 0.6052998609375 0.6080020921875 0.5788005578125001
1 0.7821652718750001 0.6443514640625 0.7727510453125 0.6652719671875 0.8331589953125 0.7726638765625 0.8339435140625 0.8284518828125 0.8935669453124999 0.7963737796875 0.9524058578125001 0.7712691765625 0.9775104609374999 0.714086471875 0.9704497906249999 0.6750348671874999 0.913964434375 0.6373779640625 0.8653242671875001 0.5815899578125 0.8182531375 0.6192468625 0.7821652718750001 0.6443514640625
1 0.9343619249999999 0.6011157593750001 0.9273012546875 0.6290097625 0.9398535562499999 0.6471408640625 0.975156903125 0.654114365625 0.9994769874999999 0.6457461640625 0.9986924687500001 0.472803346875 0.9578974890625 0.5411436546874999 0.9343619249999999 0.6011157593750001