1 0.383987834375 0.07664061718750001 0.39689583125 0.1681177609375 0.4524541328125 0.2565385359375 0.5348573546875001 0.2064067671875 0.5284044734375 0.0784764640625 0.46416622656250006 0.0342274296875 0.383987834375 0.07664061718750001
1 0.38196789531249997 0.0858112140625 0.351656584375 0.047141381249999996 0.284687403125 0.0950953171875 0.290270065625 0.1757586765625 0.345637953125 0.27457282968749996 0.411992465625 0.2222628453125 0.4112475265625 0.1112982625 0.38196789531249997 0.0858112140625
1 0.2897734359375 0.10178229218749998 0.260881871875 0.061431190625 0.1880215796875 0.10873546875 0.18829884375 0.1694144421875 0.22829782656250003 0.3237106953125 0.32614956093749997 0.28324647812500003 0.3178454484375 0.13632531406249998 0.2897734359375 0.10178229218749998
1 0.184186590625 0.128528690625 0.170714590625 0.074154359375 0.08079562031250001 0.123865721875 0.0859974546875 0.22531583125000001 0.11864215781250001 0.34510751562499997 0.21568157187499998 0.304757921875 0.20311097656250002 0.1569578546875 0.184186590625 0.128528690625
1 0.5544854953125 0.1458808734375 0.48822731093750005 0.1108024375 0.41618657031249995 0.163914784375 0.432592153125 0.29192163125000004 0.4962374453125 0.34958269999999997 0.52362965 0.3264654078125 0.5786261921875 0.2876055375 0.5544854953125 0.1458808734375
1 0.3797720171875 0.1172205875 0.3320863390625 0.1550488484375 0.297968990625 0.15986301875 0.3166283484375 0.30384205937500003 0.37560462499999997 0.3636428875 0.457634253125 0.340220559375 0.4418071546875 0.1869562921875 0.3797720171875 0.1172205875
1 0.1684151484375 0.187029446875 0.1713704390625 0.278430053125 0.18160041093749998 0.33918556875 0.2406128734375 0.42859987187500004 0.3371990859375 0.34981006875 0.3221770625 0.1905084796875 0.295136734375 0.1691482390625 0.2536433859375 0.121689759375 0.24066801093749998 0.1412918140625 0.1905164328125 0.1557731671875 0.1684151484375 0.187029446875
1 0.2123142625 0.37483674375 0.20882391562499997 0.3442297390625 0.186139153125 0.23043729062499999 0.172900990625 0.20120576406250001 0.1494835234375 0.1526775890625 0.08716164843749999 0.180723675 0.0325459359375 0.19879679687500001 0.065988484375 0.306628471875 0.0969651234375 0.3911132296875 0.2123142625 0.37483674375
1 0.6309808890624999 0.24763751875 0.581501871875 0.3138564875 0.5575927765625 0.361658090625 0.5705007734375 0.4531352328125 0.610786503125 0.50964969375 0.62111279375 0.48301679531249997 0.6675691390625 0.43647642343750004 0.72729259375 0.4428583625 0.8124462187500001 0.48267517968749996 0.8229412171874999 0.42788081875 0.8244500499999999 0.33288843749999997 0.77975085625 0.3214246203125 0.7120729203125 0.28802745 0.6309808890624999 0.24763751875
1 0.36868182968749996 0.34981044687499996 0.363902009375 0.427493228125 0.3934227203125 0.48404577499999996 0.51892720625 0.6336813125 0.605107515625 0.5163747546875 0.5976229546875 0.3752616609375 0.534789978125 0.317485971875 0.4688981421875 0.2497754015625 0.4646461390625 0.2607418890625 0.396864640625 0.30881044062499996 0.36868182968749996 0.34981044687499996
1 0.20402738125000003 0.5744506 0.31995275625 0.6973001515624999 0.422613259375 0.6028439375 0.40655955468749994 0.430359559375 0.3504227734375 0.367196203125 0.2731802015625 0.3188584421875 0.2165590265625 0.3579475578125 0.1560811515625 0.39906181093750004 0.1787876265625 0.53062235 0.20402738125000003 0.5744506
1 0.864406134375 0.9507216062499999 0.940166059375 0.7830529046875 0.9218079171875001 0.55313745625 0.7868473484375 0.4774017625 0.644392746875 0.41901374531249996 0.6275968609375 0.47025441875 0.589328834375 0.5689528187499999 0.617025015625 0.7945887546875 0.7400201765625 0.8853412015625001 0.864406134375 0.9507216062499999
1 0.583625996875 1 0.5936849234375 0.9755937015624999 0.6469627390625 0.8599680281250001 0.64773163125 0.8243172296875001 0.639948090625 0.604757075 0.5775031828125 0.5321173328125 0.430152959375 0.4566489640625 0.412940059375 0.499062903125 0.35350834062500003 0.5652053359375 0.3389517578125 0.6205728140625 0.3585175203125 0.84143228125 0.47318461406249995 0.9318789453124999 0.5706498015625 1 0.583625996875 1
1 0.3266680671875 1 0.40612134843750003 0.90283783125 0.3915887171875 0.8115899328125 0.37454675625 0.661458940625 0.3145387953125 0.58847533125 0.22528739375 0.5196181546875 0.18549105625 0.5311573796875 0.10777133125 0.5909947875 0.0692260390625 0.629014215625 0.0776120078125 0.6767015640625 0.11030013593750002 0.832029425 0.18173844374999998 0.950789884375 0.2165813265625 1 0.3266680671875 1