3 0.5207646671874999 0.7644007640625 0.5491100859375 0.7923666453125 0.6315095578125 0.8003568984375 0.649967040625 0.6006006 0.644034278125 0.56198105 0.54976928125 0.543337128125 0.5207646671874999 0.7644007640625
3 0.6374423203124999 0.79769348125 0.7356624921875 0.8229959453125 0.7396176671875 0.595273765625 0.651944628125 0.5846200968749999 0.6374423203124999 0.79769348125
3 0.746209625 0.8363130312499999 0.839815425 0.8269910703125 0.839815425 0.5992688921875 0.7481872109375 0.5992688921875 0.746209625 0.8363130312499999
3 0.8523401453125 0.8363130312499999 0.92682926875 0.8256593625 0.9650626234375 0.807015440625 0.9406723796875 0.5806249703125 0.8431114046875001 0.5992688921875 0.8523401453125 0.8363130312499999
3 0.9004614375 0.3968491765625 0.9492419249999999 0.4035077203125 0.9551746874999999 0.442127271875 0.9940672375 0.442127271875 0.9980224124999999 0.24769780937500002 0.9030982203125 0.262346603125 0.9004614375 0.3968491765625
3 0.5121951218749999 0.3329271625 0.5280158203124999 0.40084430312499997 0.5471324984375 0.39551746875 0.546473303125 0.3635564609375 0.59657218125 0.3568979171875 0.6150296640625 0.21840021874999999 0.6117336843750001 0.195761171875 0.55965721875 0.178448959375 0.535266975 0.18244408437499998 0.5121951218749999 0.3329271625
3 0.005273565625 0.463434609375 0.12788398125 0.2636783125 0.005273565625 0.15048307656249998 0.005273565625 0.463434609375
3 0 0.47142486093749997 0.0026367828125 0.768395890625 0.19050758125 0.9841326921875 0.2155570203125 0.928200928125 0.20698747499999998 0.76306905625 0.3131179953125 0.48873707343749995 0.31245880000000004 0.394185759375 0.13183915625 0.251692934375 0 0.47142486093749997
3 0.2089650625 0.768395890625 0.2234673703125 0.9867961093750001 0.495715228125 0.9867961093750001 0.49637442343749993 0.5127078296875001 0.3394858265625 0.42747847656250004 0.2089650625 0.768395890625
3 0.0065919578125 0.10387327500000001 0.0118655234375 0.15048307656249998 0.14502307187500002 0.258351478125 0.14449029687499998 0.229291040625 0.1443638765625 0.22239534375 0.2247857609375 0.119853778125 0.22940013124999997 0.050604928125000004 0.10942650000000001 0.005326834375000001 0.0065919578125 0.10387327500000001
3 0.150955834375 0.21840021874999999 0.1496374421875 0.25568806093749996 0.3117996046875 0.3822003828125 0.3150955828125 0.48074682187500006 0.3394858265625 0.41815651562499995 0.3473961765625 0.424815059375 0.3553065265625 0.39551746875 0.38760711875 0.31561495 0.40145023125 0.1451562421875 0.2557679625 0.06791714062500001 0.150955834375 0.21840021874999999
3 0.352010546875 0.42081993281249996 0.49703361875 0.5087127031249999 0.495715228125 0.2197319265625 0.47000659218749996 0.195761171875 0.352010546875 0.42081993281249996
3 0.4667106125 0.1864392109375 0.495715228125 0.21440509218749998 0.4976928140625 0.0039951265625000005 0.4093605796875 0.1078684 0.39156229374999996 0.292975903125 0.4667106125 0.1864392109375
3 0.2590639421875 0.0612585984375 0.40145023125 0.142492825 0.4080421890625 0.0958830234375 0.4924192484375 0.005326834375000001 0.22940013124999997 0.014648795312499999 0.22940013124999997 0.098546440625 0.2590639421875 0.0612585984375
3 0.6506262359375 0.21307338437499998 0.7264337515625 0.178448959375 0.70797626875 0.04527809375 0.6381015156250001 0.0838976453125 0.6506262359375 0.21307338437499998
3 0.731048121875 0.19975629687500002 0.8088332234375001 0.21307338437499998 0.8114700062500001 0.063922015625 0.733025709375 0.0599268890625 0.731048121875 0.19975629687500002
3 0.8200395515625001 0.2157368015625 0.8879367171875 0.22239534375 0.8984838500000001 0.24769780937500002 0.901779828125 0.22239534375 0.9143045484375 0.0599268890625 0.8371786421875 0.0479415109375 0.8200395515625001 0.2157368015625
3 0.6110744890625 0.350239375 0.625576796875 0.3582296265625 0.63282795 0.3822003828125 0.6980883328124999 0.3742101296875 0.6994067234375 0.23038559687500001 0.6901779828125 0.2104099671875 0.6163480546875 0.22772217968750003 0.6110744890625 0.350239375
3 0.7013843109375 0.34224912343749997 0.70204350625 0.3702150046875 0.7165458140625 0.3755418390625 0.719182596875 0.394185759375 0.7284113375 0.3995125953125 0.7297297296874999 0.394185759375 0.793012525 0.3848638 0.7989452874999999 0.2676734390625 0.798286090625 0.23571243125 0.7923533296875 0.2210636359375 0.7112722484375 0.1984245890625 0.7013843109375 0.34224912343749997
3 0.7976268953125001 0.3822003828125 0.8160843765625 0.3848638 0.820698746875 0.4035077203125 0.839815425 0.41282968125 0.851021753125 0.3861955078125 0.8945286749999999 0.3968491765625 0.8971654578124999 0.3635564609375 0.8958470671875001 0.258351478125 0.8859591296874999 0.22772217968750003 0.80949241875 0.22372705312500002 0.7976268953125001 0.3822003828125
3 0.8365194468749999 0.4314736015625 0.834541859375 0.5939420578125 0.9373764015624999 0.5713030109375 0.9446275546875 0.5872835140625 0.9525379031250001 0.556654215625 0.9472643375 0.40883455468749996 0.851021753125 0.3915223421875 0.8365194468749999 0.4314736015625
3 0.7363216875 0.58994693125 0.8180619640625 0.5926103484375 0.8272907046875 0.5473322546875 0.8141067890624999 0.3875272171875 0.7336849046875 0.3995125953125 0.7363216875 0.58994693125
3 0.6229400125 0.5420054203125 0.6427158859375 0.5539907984375 0.6486486484375 0.577961553125 0.71786420625 0.5806249703125 0.7244561640625 0.45144923124999997 0.71588661875 0.379536965625 0.6348055375 0.3915223421875 0.6229400125 0.5420054203125
3 0.5359261703125 0.504717578125 0.546473303125 0.5406737109375 0.6262359921875 0.5486639640625001 0.6229400125 0.3595613359375 0.5504284765625 0.3715467125 0.5359261703125 0.504717578125