1 0.19525801874999998 0.23709902343749997 0.21009762968749998 0.3040446296875 0.25774058593750004 0.31659693125 0.3085076703125 0.3640167359375 0.3428730828125 0.2970711296875 0.36161785156250004 0.223152021875 0.336624825 0.150627615625 0.291324965625 0.1129707109375 0.2468061359375 0.1143654109375 0.2046304046875 0.1701534171875 0.19525801874999998 0.23709902343749997
1 0.3311576015625 0.1283124125 0.363179915625 0.23709902343749997 0.39988842343750003 0.2301255234375 0.43972105937499995 0.2315202234375 0.4670571828125 0.2594142265625 0.48736401718750005 0.163179915625 0.474086471875 0.0739191078125 0.44284518906250003 0.037656903125 0.3936401671875 0.037656903125 0.3553695953125 0.06694560625 0.3311576015625 0.1283124125
1 0.27804742031249996 0.56345885625 0.280390515625 0.6359832640625 0.31553695937500004 0.6973500703125 0.388953975 0.723849371875 0.43112970781250004 0.6764295671875 0.44753138124999997 0.5271966531250001 0.40769874531249994 0.43793584374999994 0.332719665625 0.4518828453125 0.292105996875 0.50209205 0.27804742031249996 0.56345885625
1 0.48189679218750003 0.3542538359375 0.4850209203125 0.43514644375 0.5209483968749999 0.47419804687499995 0.5904602515625 0.4853556484375 0.6154532781250001 0.50348675 0.6474755921875001 0.4156206421875 0.6287308234375 0.287308228125 0.5834309625 0.249651325 0.545160390625 0.24546722499999998 0.5045467218749999 0.281729428125 0.48189679218750003 0.3542538359375
1 0.6357601109375 0.152022315625 0.6482566249999999 0.2064156203125 0.692775453125 0.15620641562499998 0.7435425390625 0.15620641562499998 0.7599442125 0.16596931718750002 0.7654114359374999 0.0739191078125 0.74276150625 0.0069735000000000005 0.7294839609375 0.0055788 0.645132496875 0.0041841000000000005 0.6310739187500001 0.023709903125 0.627949790625 0.0725244078125 0.6357601109375 0.152022315625
1 0.6287308234375 0.49093444843749995 0.638884240625 0.56624825625 0.6599721062499999 0.589958159375 0.7146443515625001 0.6150627609375 0.74276150625 0.651324965625 0.78962343125 0.5815899578125 0.798995815625 0.4769874484375 0.7568200843749999 0.3779637375 0.7091771265625 0.3542538359375 0.6763737796875 0.3821478375 0.6505997203125 0.40725244062500005 0.6287308234375 0.49093444843749995
1 0.7529149234375 0.7405857734375 0.745885634375 0.838214784375 0.7630683406250001 0.8814504875000001 0.8255509062499999 0.93444909375 0.875536959375 0.9232914921875001 0.9278661093749999 0.8647140859375 0.9333333328125001 0.7350069734375 0.8981868890625 0.6471408640625 0.8208647140625001 0.6206415625 0.775564853125 0.6527196656250001 0.7529149234375 0.7405857734375
1 0.793528590625 0.350069734375 0.8068061359375 0.408647140625 0.8364853562500001 0.43793584374999994 0.8856903765625 0.43235704375 0.9403626218750001 0.43375174375 0.9614504875 0.30683403125000003 0.9177126921875001 0.214783821875 0.8802231515625 0.18967921875 0.8302370984375 0.217573221875 0.7919665265625 0.2733612265625 0.793528590625 0.350069734375
1 0.1312133890625 0.40306834062499997 0.139023709375 0.468619246875 0.1866666671875 0.55648535625 0.2319665265625 0.5760111578125 0.292105996875 0.5090655515625 0.3108507671875 0.40027894062499997 0.28117154843750003 0.32635983281250003 0.2460251046875 0.3012552296875 0.20541143593750003 0.288702928125 0.1530822875 0.3249651328125 0.1312133890625 0.40306834062499997
1 0.3225662484375 0.3528591359375 0.3288145046875 0.41980474218749997 0.374895396875 0.43654114374999997 0.42331938593749996 0.46164574687500004 0.44206415625 0.49790795 0.4787726640625 0.41004184062500004 0.48814504843749995 0.2984658296875 0.4529986046875 0.24267782499999999 0.41550906562499995 0.22175732187500002 0.374895396875 0.2315202234375 0.3459972109375 0.277545328125 0.3225662484375 0.3528591359375
1 0.48345885624999996 0.160390515625 0.5061087859375 0.248256625 0.521729428125 0.2691771265625 0.5607810328125 0.249651325 0.6209205015625 0.274755928125 0.6412273359375 0.1980474203125 0.6310739187500001 0.11576011093750001 0.5974895390625 0.059972106250000004 0.545160390625 0.0432357046875 0.49907949843750005 0.086471409375 0.48345885624999996 0.160390515625
1 0.4436262203125 0.6471408640625 0.47174337499999996 0.7196652718750001 0.533444909375 0.7698744765625001 0.5717154812499999 0.7726638765625 0.6029567640625 0.6471408640625 0.622482565625 0.5801952578125 0.574058578125 0.475592746875 0.497517434375 0.468619246875 0.44753138124999997 0.5439330546875001 0.4436262203125 0.6471408640625
1 0.569372384375 0.7350069734375 0.58967921875 0.8270571828125 0.6318549515624999 0.9079497906249999 0.70136680625 0.9177126921875001 0.7505718265625 0.8396094843749999 0.7568200843749999 0.7391910734375 0.7505718265625 0.6638772656249999 0.7240167359374999 0.6066945609375 0.6529428171875 0.592747559375 0.58967921875 0.648535565625 0.569372384375 0.7350069734375
1 0.7630683406250001 0.1380753140625 0.78962343125 0.216178521875 0.8224267781249999 0.23570432343749997 0.8653835421875 0.1966527203125 0.91380753125 0.1966527203125 0.923179915625 0.1018131109375 0.90209205 0.0223152015625 0.8708507671874999 0.0013947 0.7888423984374999 0.0139470015625 0.7685355656249999 0.07810320781249999 0.7630683406250001 0.1380753140625
1 0.6326359828125 0.256624825 0.6310739187500001 0.31799163125 0.64903765625 0.37656903750000004 0.6591910734375 0.398884240625 0.7091771265625 0.3654114359375 0.7677545328125001 0.3863319390625 0.7904044625 0.32635983281250003 0.7911854953125 0.23849372343750003 0.763849371875 0.1757322171875 0.6998047421875 0.157601115625 0.6552859140625 0.1966527203125 0.6326359828125 0.256624825
1 0.8068061359375 0.5815899578125 0.828675034375 0.6276150625 0.8895955375 0.6471408640625 0.9403626218750001 0.7322175734374999 0.9887866109375001 0.6457461640625 0.9723849375 0.4895397484375 0.9145885640625 0.4184100421875 0.8731938640625 0.4156206421875 0.8372663875 0.43375174375 0.8091492328125 0.5160390515625 0.8068061359375 0.5815899578125