1 0.1640281140625 0.424464153125 0.2009138375 0.42068118125 0.21620297812499997 0.4099701578125 0.220570734375 0.3724690765625 0.23301289218750001 0.350982221875 0.21486386406250002 0.312421971875 0.179131628125 0.3184926890625 0.142258809375 0.36077109375 0.1324303609375 0.3848771484375 0.1301491984375 0.457292528125 0.1640281140625 0.424464153125
1 0.1665465234375 0.6012909578125 0.1999717890625 0.5906447453125 0.23684460624999998 0.5483663390625 0.2592015765625 0.53115593125 0.254337315625 0.517114484375 0.2279711109375 0.4410042640625 0.1759431625 0.43527239375000004 0.1379168609375 0.47526305 0.11932708437499999 0.49738040312500004 0.1413296671875 0.56923009375 0.1665465234375 0.6012909578125
1 0.2990722609375 0.7205130390625001 0.264994809375 0.6195855375 0.2530668609375 0.5702818625 0.2181079171875 0.59070955625 0.172473771875 0.630999259375 0.1534303453125 0.675298771875 0.165911215625 0.769298221875 0.2038769625 0.77791593125 0.2590457234375 0.75397190625 0.2990722609375 0.7205130390625001
1 0.306165896875 0.7910045234374999 0.25375775625 0.79734188125 0.21987884218749998 0.83017025625 0.1939879578125 0.8506303515625 0.1987011671875 0.9266592765624999 0.1996163765625 0.9279341062500001 0.3386782671875 0.9594992671875 0.34917739999999997 0.9506857312499999 0.3178000140625 0.8807599312500001 0.310706378125 0.8102684437500001 0.306165896875 0.7910045234374999
1 0.3101455234375 0.2834015796875 0.32289441406249997 0.25995843125 0.298671225 0.21191574218749998 0.2717737734375 0.20986222968749998 0.2388150625 0.2368217171875 0.2143109453125 0.26772620156250004 0.22793239375000002 0.3255179578125 0.24799529687500002 0.34222749375 0.2798005234375 0.3129802625 0.3101455234375 0.2834015796875
1 0.2901600484375 0.49766465625 0.33626074687499996 0.4736882265625 0.33893500625 0.42769905625 0.32623376249999997 0.36403840625 0.3055444859375 0.3127460296875 0.2882551109375 0.31692526249999997 0.2438479125 0.34938977968749996 0.22249751406249998 0.389113796875 0.2146693 0.41975164062500003 0.2581950046875 0.5086423171875001 0.2901600484375 0.49766465625
1 0.42277214531249996 0.6452692437499999 0.3941553859375 0.5577367703125 0.3568636625 0.4965981015625 0.3112166140625 0.49839237187499996 0.274110521875 0.532514140625 0.26029450625 0.582052046875 0.2660877421875 0.6704816515625 0.3070602953125 0.7081447640625 0.3606219203125 0.70409515625 0.42277214531249996 0.6452692437499999
1 0.31684109375 0.7711425140625 0.3094188828125 0.8667019984375001 0.3477777296875 0.9017459156250001 0.396738315625 0.9270407531249999 0.45390731406249996 0.9096285156249999 0.4954675296875 0.866388165625 0.4665440328125 0.7808119921875 0.43878692968750005 0.7360190015625 0.44391507812500003 0.6743794578125 0.3932004359375 0.689204903125 0.34149212812499996 0.720012165625 0.31684109375 0.7711425140625
1 0.4250711765625 0.16767365 0.42581866249999994 0.105039753125 0.40667596718750004 0.082461328125 0.3574950046875 0.0875052921875 0.3165482609375 0.1268330484375 0.3033457171875 0.172458365625 0.3200474328125 0.24918259375 0.3367967921875 0.238803021875 0.398260090625 0.194002640625 0.4250711765625 0.16767365
1 0.42442931250000004 0 0.41180411406250006 0.020821789062500002 0.4411207046875 0.132824165625 0.47907355156250003 0.102946440625 0.523320928125 0.0522123546875 0.5407572187499999 0.027807256250000002 0.5301131515625 0 0.42442931250000004 0
1 0.48636571875 0.307193803125 0.5379271109375 0.2966124015625 0.5848616515625 0.23838457812499997 0.612519490625 0.21629963437500002 0.6014253828125 0.13274456875 0.55084475625 0.08884871250000001 0.4944361453125 0.0821224859375 0.4641775078125 0.1400836703125 0.4449742625 0.1661136109375 0.4585351578125 0.2725137453125 0.48636571875 0.307193803125
1 0.356604575 0.41145059687499996 0.3952572515625 0.4060427796875 0.461261034375 0.3805063125 0.4977536546875 0.3502971390625 0.49243988125 0.3166762421875 0.429698025 0.215320071875 0.3900387765625 0.1982142734375 0.35163228125 0.2502741625 0.32950858906249997 0.2756412078125 0.319779409375 0.3666251984375 0.356604575 0.41145059687499996
1 0.3784473390625 0.4650307171875 0.39132130625 0.5854563703125 0.43006035000000004 0.6084310578125 0.4714736453125 0.5854165765625 0.523868884375 0.54058378125 0.55214019375 0.5145862421875 0.536510203125 0.47462305625 0.5208362671875 0.4345475109375 0.507214815625 0.37675574843750004 0.45473322187500004 0.3932060375 0.3927299109375 0.43180608125 0.3784473390625 0.4650307171875
1 0.5094433656249999 0.8351198234374999 0.551176303125 0.848644478125 0.59742391875 0.8044421859374999 0.61892123125 0.7444923 0.6111277640624999 0.6495309015624999 0.581910434375 0.604406459375 0.510899615625 0.5943657359375 0.46764590000000006 0.629117996875 0.43562030468749996 0.6887040296875 0.45494862812500003 0.8065428921875 0.5094433656249999 0.8351198234374999
1 0.51749691875 0.33046752968750004 0.527757178125 0.4482739875 0.5735769515625 0.5032447265625 0.6312125046875 0.5021457640625 0.6833010015625 0.45926926874999996 0.7047248609375 0.409432315625 0.7074725749999999 0.3533302125 0.66318648125 0.2885779921875 0.6306685203125 0.2548598765625 0.589708875 0.2556922046875 0.5298656171875 0.31909360625 0.51749691875 0.33046752968750004
1 0.5426519390625 0 0.5406837640625 0.0379201890625 0.5639867468750001 0.09183176562499999 0.6363972328124999 0.150812309375 0.6724362046875 0.14278529375 0.7084622734375 0.0962628484375 0.723971784375 0.055213025000000006 0.7208007953125 0.0371878640625 0.5569678015624999 0 0.5426519390625 0
1 0.6551726390625 0.2239554 0.6663402046875 0.29739753125 0.71208651875 0.36248120156249997 0.7719555828125 0.3760706671875 0.8369527921875 0.32802058437500003 0.8729659562500001 0.24300270156249998 0.8561044250000001 0.1480088984375 0.7899150109375 0.078284928125 0.7352733609375 0.06993385937499999 0.69401988125 0.11121790937500001 0.66269411875 0.19527385 0.6551726390625 0.2239554
1 0.7228827140625 1 0.737337121875 0.9537040203125 0.6950512625 0.8954835890625 0.6512317265625 0.8470446453125 0.6012774703125 0.8377316312499999 0.56186440625 0.8672779046875 0.523151178125 0.9212940890624999 0.539454325 1 0.7228827140625 1
1 0.598573434375 0.5656443859375 0.59991255 0.6631925734374999 0.646738890625 0.74067691875 0.7079212609375001 0.774823703125 0.7660104640625 0.7515425796875 0.803570209375 0.695238646875 0.81353266875 0.6124112937499999 0.7834556921875 0.5245473703125 0.7277945671875 0.4551872546875 0.656563371875 0.4754853265625 0.5990270843750001 0.5434622234375001 0.598573434375 0.5656443859375
1 0.7426508968750001 0.9873249171875 0.7829970734375 0.9904051890625001 0.8629161328125001 0.9822087500000001 0.9042430734375 0.9308117640625 0.9135920609375001 0.8518969999999999 0.8730602562499999 0.753556290625 0.7912144171875 0.745108003125 0.7324382859375 0.7824146546875 0.7033936828125 0.7940552171874999 0.6896640281249999 0.8719756296875 0.7426508968750001 0.9873249171875
1 1 0.4549953484375 0.9719800624999999 0.3444884921875 0.9195590171875001 0.312330415625 0.8319586593749999 0.330938828125 0.7748025671875001 0.3868465 0.760925996875 0.484992775 0.8219138031250001 0.6264692234375 0.8852433265625 0.64692193125 0.9382649375 0.63667198125 0.9928073234375001 0.5781451093750001 1 0.5473380421875 1 0.4549953484375
1 1 0.591976840625 0.976597975 0.594725025 0.9268164437499999 0.6421770109375 0.8698072703124999 0.6778588171875 0.8715136703124999 0.7248423390625 0.8837612640625 0.8106851515625 0.9200464187499999 0.8493102078125 0.9673135046875 0.8661169609374999 0.9954219828124999 0.8492931312499999 1 0.820095496875 1 0.591976840625