1 0.61009255 1 0.69513269375 0.929470628125 0.6707974078125 0.8690843640624999 0.5878499359375 0.8170611125 0.5742390296875 0.8882998499999999 0.45483089843749996 0.922892215625 0.37159538593749997 0.9201714484375 0.3229640234375 0.8315133906250001 0.29362177031250003 0.9486609609375 0.3849031140625 1 0.61009255 1
1 0.401786659375 0.547691253125 0.2573253859375 0.599469584375 0.271073559375 0.640631525 0.38424411875 0.9165539609375 0.444488103125 0.9136188734375 0.5707310984375 0.867493 0.5678776937500001 0.8123101406250001 0.5185525906249999 0.7259136078124999 0.4772884609375 0.5863705484375 0.401786659375 0.547691253125
1 0.7970343 0.5327974140625 0.7738180640625 0.5332478171874999 0.7450715 0.5678476625 0.6759898609375 0.653329790625 0.49807210468749996 0.6852034312499999 0.5618195140625 0.7944431375 0.6526424609375 0.8315405890625 0.69195653125 0.8001078328125001 0.7803362703125 0.7376954390625 0.8373799765625 0.6807082578125 0.82291845625 0.625750603125 0.7970343 0.5327974140625
1 0.6726764265625 0.41156631875 0.610434159375 0.3941469984375 0.5796893140625 0.4083924296875 0.4278804171875 0.527113003125 0.4421805640625 0.5449806859375 0.49880956562499995 0.623688440625 0.507129965625 0.6879180765624999 0.658709646875 0.6666717015625 0.6982484312499999 0.6291326921875 0.7785520953125 0.51244164375 0.7083362984375 0.4296619234375 0.6726764265625 0.41156631875
1 0.2063986921875 0.7224954875 0.09307285937500001 0.69964415 0.001512446875 0.72406169375 0.00204030625 0.7760781421875 0.0182950140625 0.8735537000000001 0.0795931953125 0.952852509375 0.22783285000000003 0.99728001875 0.294090803125 0.9525056890625001 0.27141142500000004 0.822236646875 0.23228734687500002 0.724080728125 0.2063986921875 0.7224954875
1 0.217453240625 0.3640355265625 0.112144653125 0.34729112500000003 0.0126952515625 0.6607382953125 0.0342993 0.6709172031249999 0.11781835 0.71570343125 0.2863509890625 0.6983031468750001 0.28496800312500004 0.61145825 0.3072506796875 0.511950446875 0.307582446875 0.403394503125 0.217453240625 0.3640355265625
1 0.17108409375 0.3217401015625 0.242995025 0.36675153437499997 0.3589103359375 0.41877750156250004 0.436864340625 0.3742307484375 0.51351380625 0.3070680640625 0.5695998421875 0.2263341828125 0.49789401250000004 0.1591592609375 0.3675760015625 0.10034735937499999 0.2561806203125 0.2324146015625 0.17108409375 0.3217401015625
1 0.3118142328125 0.0254070859375 0.3363229046875 0.0786335828125 0.45189134218750004 0.13179031562500002 0.5774406062499999 0.087925965625 0.6307340609375001 0.06845393749999999 0.5525521171875 0.045022765625 0.3118142328125 0.0254070859375
1 0.6522996265625001 0.07491715 0.5201329703125 0.11890492187499999 0.49161111718750006 0.1473985109375 0.5847988328125 0.21977685 0.691577840625 0.204859209375 0.855337228125 0.1761506171875 0.8441414296875 0.1324122453125 0.6522996265625001 0.07491715
1 0.5830991953125 0.3489130875 0.7121956 0.3579700671875 0.8429041984375001 0.35639774218750003 0.8436220562500001 0.2788255140625 0.8345249734375001 0.2439963859375 0.7382546390625 0.2139093921875 0.5827176078125 0.226561425 0.5137581296875 0.317019046875 0.5830991953125 0.3489130875
1 0.44948446249999996 0.5372919109375001 0.5338676359375001 0.434170696875 0.5818730859375 0.39052610625 0.68997625 0.41428164375 0.713011503125 0.3606840359375 0.608294109375 0.35275985312499997 0.4785235671875 0.362021640625 0.369194303125 0.379879121875 0.34481078906249996 0.4701142671875 0.44948446249999996 0.5372919109375001
1 0.910521515625 0.59273871875 0.9051811843750001 0.49729948437499993 0.8944719093750001 0.47309966562500005 0.90149226875 0.42334542500000005 0.7775793156249999 0.3812697609375 0.7493847234375 0.39257535312499997 0.75370855625 0.41609617187500003 0.738407015625 0.43373524999999996 0.7411186484375001 0.4678853765625 0.7880789890625 0.5190010218750001 0.7609642265625001 0.5590287984375 0.8025601234374999 0.5900159140625 0.8402574984375001 0.660580409375 0.910521515625 0.59273871875