7 1 0.51586158125 0.987686425 0.5056945625 0.9670449203124999 0.4974861046875 0.93974518125 0.49380412656250006 0.90683875625 0.5116572406250001 0.8945943656249999 0.5314495124999999 0.8970616515625001 0.566956728125 0.9165284484375 0.5957723890625 0.943079259375 0.6027436640625 0.9370673171874999 0.6353273546875 0.946557034375 0.6677980906250001 0.971568934375 0.6938865671875 1 0.702426709375 1 0.58768845 0.9999665703125 0.5877011171875 1 0.58755429375 1 0.51586158125
7 1 0.7396479390625 0.9906099484374999 0.7400201296875 0.951814746875 0.7528411265625 0.9406219015625 0.7896420046875 0.945700165625 0.8167713265625001 0.9500705609375 0.83465134375 0.915727865625 0.8402751484375001 0.8879818171875 0.8601803765625 0.8727417203125001 0.8931298421875 0.8774763140624999 0.9124998609375 0.8810977812499999 0.9336691765625 0.89334354375 0.9450544093750001 0.997964296875 0.9231507953125 1 0.917883121875 1 0.879472621875 0.98947099375 0.8624261593749999 1 0.8594651640625001 1 0.7396479390625
7 0.8653756171874999 0.8884070218750001 0.8644061859375001 0.8463212062500001 0.838665884375 0.8172527281249999 0.8254315359375 0.8012284875000001 0.7925661671875 0.8065429984374999 0.77740818125 0.814415259375 0.7661948046875 0.8574854375 0.7867542000000001 0.8907711031250001 0.812879228125 0.9150602828125001 0.842748890625 0.9229029687500001 0.8653756171874999 0.8884070218750001
7 1 0.43840228124999997 0.9952353953124999 0.41890948437500003 0.9824081828125 0.426920828125 0.976457825 0.440696615625 0.9466497453124999 0.41404602500000004 0.9149590859375 0.398753334375 0.8662483859375 0.396421496875 0.8347577046874999 0.43277321874999997 0.8383381140624999 0.4664811390625 0.7940388671874999 0.469490715625 0.7563157359375 0.49305101718750005 0.7491496109375 0.539972609375 0.7637997046875 0.574495459375 0.7338479296875 0.5917299796875 0.71749470625 0.6264787421875 0.7151658140625 0.661423846875 0.7383156625 0.69260091875 0.75784404375 0.702608675 0.73892089375 0.7331967296874999 0.738069328125 0.7678325375 0.75201155 0.79310608125 0.77595138125 0.8084552515625001 0.7944076921875001 0.807723703125 0.8147260562499999 0.8019035593750001 0.8258573171875 0.7839105843749999 0.8307150765625 0.76566479375 0.8513565859375 0.7738732546875 0.87236229375 0.783571715625 0.8852940265625 0.77929805 0.90565344375 0.7609393015625 0.9219450874999999 0.7449984421875 0.926094975 0.717503346875 0.921339853125 0.7044026296875 0.9192162390625 0.6766547171874999 0.9063255609375 0.6683897796875 0.8978668624999999 0.659196953125 0.9104959796875001 0.63462538125 0.9131274875000001 0.6199781875 0.9116912156250001 0.607748878125 0.891152346875 0.5681939109374999 0.8698234984375001 0.5444668453125 0.8710392640625001 0.5113210406250001 0.9035199046875 0.51078583125 0.9349284765625001 0.49951131406249993 0.9508353890624999 0.48834975781249995 0.9615613984375001 0.481405384375 0.97192320625 0.47297101093749994 0.9917952609375 0.4907380703125 1 0.49668148125 1 0.43840228124999997
7 0.32042778125 0.49503310625 0.3552578421875 0.45328349218749997 0.3553604828125 0.4219369828125 0.34325978749999997 0.39784414375 0.3167295046875 0.3846035671875 0.2930717609375 0.39582160312500003 0.27603119375 0.4150517625 0.26085267968750003 0.42919332343749994 0.2430631859375 0.451712778125 0.22347322187500002 0.460512928125 0.24775672499999998 0.4836214 0.28760346718749996 0.4878090109375 0.32042778125 0.49503310625
7 0.3986849984375 0.491179021875 0.374037296875 0.46658054687500006 0.3544268046875 0.481649996875 0.3270244296875 0.5093145265625 0.3004530890625 0.5086125531250001 0.29555427343749996 0.5393969484375 0.312107475 0.556292596875 0.380043940625 0.548334284375 0.41292983593750004 0.5367504734375 0.42517422656250003 0.5169582015625 0.3986849984375 0.491179021875
7 0.4414658671875 0.5010173421874999 0.47465438125 0.5097314374999999 0.49794792499999996 0.49702339999999995 0.5187125984375001 0.4676160484375 0.5210414890624999 0.43267094687499996 0.5011899640624999 0.4086345859375 0.4613842765625 0.391908371875 0.423014859375 0.38741146249999997 0.395674065625 0.396268090625 0.382316546875 0.4178596578125 0.3844606890625 0.43933826875 0.38881055625 0.46348758593749995 0.402752778125 0.4887611328125 0.4414658671875 0.5010173421874999
7 0.526012490625 0.15440378906250002 0.49994904531250006 0.11130670625000001 0.4771633984375 0.081619634375 0.4447032828125 0.0758855421875 0.4033176296875 0.0908151328125 0.37771572343750004 0.13219897187500002 0.37830042812500003 0.17906408437500002 0.4069748515625 0.21378327343749998 0.4434411609375 0.23590738125000002 0.4733108234375 0.2437500671875 0.49547071249999997 0.23911062656249998 0.5284797765625 0.1899110046875 0.526012490625 0.15440378906250002
7 0.400531825 0.378022296875 0.44479002031250003 0.387551325 0.48317996562500004 0.38577893125 0.5131522656249999 0.36227510625 0.5173637390625 0.31597210625 0.5045962265624999 0.270091359375 0.4983843078125 0.2510306375 0.463333740625 0.2474051390625 0.4342130078125 0.23627315625 0.40802639531249996 0.23079188125 0.3810292734375 0.24740781093750003 0.377628309375 0.27161360625 0.3793056140625 0.3229487265625 0.39213470781250004 0.3500215671875 0.400531825 0.378022296875
7 0.280791615625 0.3138150484375 0.290301859375 0.34001648281249996 0.29871950625 0.36174791093750003 0.3038388265625 0.3763386296875 0.33043069062499997 0.3707713015625 0.35295478125 0.3676218625 0.36740489374999996 0.35050029843749997 0.3722831859375 0.32598520625 0.3723447671875 0.3071773015625 0.36540445 0.2851365765625 0.3562789328125 0.25415584375 0.345270834375 0.23453300625 0.318355825 0.22607172968749997 0.2928770859375 0.22983976093749997 0.2629458390625 0.24080498125 0.24997305 0.2576172484375 0.2698040453125 0.2879229125 0.280791615625 0.3138150484375
7 0.2268079734375 0.1183720484375 0.1991235109375 0.119469371875 0.1669865390625 0.127763884375 0.14735551875 0.1491026359375 0.1310228234375 0.1775820984375 0.13535216249999998 0.20800071718750002 0.1562757578125 0.24277638437500002 0.1784151171875 0.24440624687499998 0.1976203546875 0.240385396875 0.21571246562500002 0.23816384687499997 0.23560504531249998 0.24966160624999997 0.244469003125 0.24780583125 0.25814966250000004 0.24024286718750001 0.2818074046875 0.22902482968750001 0.29330286875 0.21252185781250002 0.2992942828125 0.1862074671875 0.298991665625 0.1659095609375 0.280232740625 0.1463432046875 0.25297405781250004 0.1301226234375 0.2268079734375 0.1183720484375
7 0.3702264546875 0.165091959375 0.3481281484375 0.1509234921875 0.335560615625 0.1566871609375 0.313764925 0.1628166015625 0.2978580125 0.17397816093750001 0.300366353125 0.1969467734375 0.2959138484375 0.20414396093749998 0.2932618125 0.22506046093749998 0.31983315156250003 0.225762434375 0.34931808593749997 0.23838442031249998 0.3566636609375 0.24937654375 0.3710111359375 0.2636014875 0.38246554375 0.2596371171875 0.3876669765625 0.249150628125 0.3991213828125 0.2451862609375 0.4083700671875 0.23855118437499997 0.40916004843750003 0.22272328125000002 0.3995882234375 0.21532975312499997 0.3863333453125 0.2055748140625 0.379736696875 0.19129339375 0.37423265 0.18148197500000002 0.3702264546875 0.165091959375
7 0.31615540000000003 0.10906359531250001 0.3374431953125 0.1453292625 0.36658445781250004 0.1501919453125 0.3751868546875 0.115499659375 0.39151955 0.0870201984375 0.4122226390625 0.07642075312499999 0.4476784625 0.06899765 0.43110473281250006 0.0583713015625 0.41157635312499996 0.04836354375 0.38982171875 0.04195438125 0.36620503125 0.040633815625 0.3495697203125 0.0488153734375 0.330343953125 0.059105521875 0.3243730671875 0.079150609375 0.31615540000000003 0.10906359531250001
7 0.22280640468750001 0.43872502031250005 0.24612047656249997 0.41974767812499997 0.275000178125 0.3917738515625 0.287670353125 0.354663678125 0.2818636859375 0.32455435312500003 0.26098114687499996 0.277240084375 0.222693840625 0.2476659703125 0.1924394515625 0.2446025859375 0.159958809375 0.24513779375000003 0.11887577187500001 0.2803652890625 0.09689533125000001 0.34291844375 0.103712484375 0.402574978125 0.1264981328125 0.43226205 0.1692584734375 0.4483696734375 0.19842026562499998 0.44696305468749997 0.22280640468750001 0.43872502031250005
7 0.10936552968749999 0.25416385625000004 0.123066715625 0.240331590625 0.1135359453125 0.220399459375 0.1088013515625 0.201029440625 0.1226051796875 0.15585066875 0.1063956484375 0.1467143203125 0.0827789640625 0.1453937546875 0.063553196875 0.155683903125 0.056833384375 0.1790182921875 0.048979915624999995 0.21042127656249998 0.05294505468750001 0.2393498953125 0.088682965625 0.258494 0.10936552968749999 0.25416385625000004
7 0.11088920937499999 0.126978528125 0.1274629390625 0.1376048765625 0.14519084843750002 0.133893325 0.16921279218750002 0.12416528906249999 0.20651013906250001 0.1179228921875 0.24380748593749998 0.11168049375 0.274405546875 0.12250318125 0.27189720624999997 0.09953456875 0.2550003328125 0.0748796140625 0.2336509546875 0.0574218515625 0.18194455 0.0682472125 0.1575584078125 0.0764852453125 0.13608586250000002 0.096643290625 0.11088920937499999 0.126978528125
7 0.1799023703125 0.46650250625 0.1688737453125 0.45314897343749994 0.1477859265625 0.46852771718749997 0.17132050468749999 0.494925490625 0.20815101249999998 0.5185396 0.23874907343750001 0.5293622859375 0.2649151578125 0.5411128625 0.28304832343749997 0.5263527078125 0.28604403125 0.513195515625 0.2739022796875 0.5016412781249999 0.260262675 0.49666563750000003 0.2370307140625 0.49056577343749996 0.22375531093749998 0.48708013437500003 0.21897966093750001 0.4802487203125 0.2161071203125 0.455790103125 0.22608419999999999 0.45213503125 0.1799023703125 0.46650250625