7 0.6783206171875 0.52947976875 0.684356840625 0.5502890171875 0.7017109828125 0.5664739890625 0.7220832374999999 0.56531791875 0.7349102125 0.5514450859375 0.7432100187499999 0.5283237 0.743964546875 0.49710982656249997 0.7205741812500001 0.47167630000000005 0.7002019265625 0.475144509375 0.682847784375 0.499421965625 0.6783206171875 0.52947976875
7 0.769618496875 0.5202312140625 0.7794273609375 0.5387283234375 0.8035722546875 0.5572254328125 0.8201718687499999 0.5560693640625 0.8337533718750001 0.534104046875 0.8420531796875 0.5052023125 0.8345079 0.4739884390625 0.81036300625 0.4566473984375 0.7862181125000001 0.45780346875 0.769618496875 0.48786127187500006 0.769618496875 0.5202312140625
7 0.7205741812500001 0.65780346875 0.7266104046875 0.6797687859375 0.743964546875 0.6924855484375 0.758300578125 0.699421965625 0.771127553125 0.6982658953125 0.78470905625 0.676300578125 0.78470905625 0.6381502890624999 0.7666003859375 0.6127167625000001 0.7492462421874999 0.60115606875 0.731137571875 0.6138728328124999 0.7205741812500001 0.6462427749999999 0.7205741812500001 0.65780346875
7 0.6624755296875 0.8023121390625001 0.668511753125 0.8219653171875001 0.6760570328125 0.8346820812500001 0.692656646875 0.8335260109375 0.705483621875 0.8323699421875 0.7130289015625 0.8115606937500001 0.719819653125 0.78843930625 0.7107653171874999 0.7630057796874999 0.6911475921875 0.7421965312500001 0.6760570328125 0.7514450859374999 0.6609664734375 0.781502890625 0.6624755296875 0.8023121390625001
7 0.62097649375 0.6381502890624999 0.6156947984375 0.6497109828125 0.6111676296875 0.6728323703125 0.5975861265625 0.654335259375 0.5855136796875 0.6485549140625 0.5855136796875 0.63583815 0.5900408484375 0.6150289015625 0.59532254375 0.5919075140625 0.5877772640625001 0.56416185 0.5734412328125 0.547976878125 0.5621233140624999 0.545664740625 0.544769171875 0.553757225 0.533451253125 0.5734104046875 0.53118766875 0.5965317921875 0.540242003125 0.63468208125 0.55382350625 0.652023121875 0.56966859375 0.65780346875 0.5628778421875 0.6913294796875 0.5613687859375001 0.71676300625 0.5719321765625 0.736416184375 0.5938134875000001 0.7445086703125 0.6141857421875 0.7271676296875 0.621731021875 0.7132947984375 0.6277672453124999 0.7213872828125 0.642857803125 0.7271676296875 0.6632300578125 0.717919075 0.6730389203125 0.69364161875 0.6745479765625 0.67052023125 0.6662481703124999 0.640462428125 0.6451213874999999 0.6265895953125 0.6277672453124999 0.6312138734375 0.62097649375 0.6381502890624999
7 0.5855136796875 0.4901734109375 0.5900408484375 0.5098265890625 0.5990951828125 0.5317919078125 0.6141857421875 0.5410404625 0.630030828125 0.534104046875 0.642857803125 0.5190751437500001 0.6519121390625 0.49595375781250006 0.645875915625 0.463583815625 0.6232400765625 0.4369942203125 0.6028678203125 0.4404624265625 0.5862682078125 0.4670520234375 0.5855136796875 0.4901734109375
7 0.6715298656249999 0.37803468281249997 0.6820932562500001 0.39884393125 0.6986928703124999 0.4127167625 0.7145379578125 0.40115606875000004 0.7288739890625 0.3803468203125 0.73340115625 0.3549132953125 0.7281194609375 0.3306358375 0.70623815 0.317919075 0.6783206171875 0.31907514375 0.66926628125 0.3560693640625 0.6715298656249999 0.37803468281249997
7 0.29351136875 0.7306358375 0.2844570328125 0.7421965312500001 0.27842080937499997 0.76416185 0.2814389203125 0.7907514453125 0.2957749515625 0.8092485546875 0.3116200390625 0.8208092484374999 0.3206743734375 0.8184971093750001 0.3365194609375 0.79884393125 0.342555684375 0.7722543359375 0.33878304375 0.7491329484375 0.3304832375 0.7260115609375 0.3108655109375 0.717919075 0.29351136875 0.7306358375
7 0.22560385312500003 0.7271676296875 0.23616724531250002 0.745664740625 0.2580485546875 0.7514450859374999 0.2738936421875 0.7421965312500001 0.2844570328125 0.71676300625 0.28822967187500004 0.687861271875 0.2814389203125 0.6658959531249999 0.26408477812500003 0.653179190625 0.24673063593750003 0.653179190625 0.2354127171875 0.6693641625 0.2240947984375 0.699421965625 0.22560385312500003 0.7271676296875
7 0.1599599234375 0.7445086703125 0.15241464375 0.7606936421875 0.16373256249999998 0.79884393125 0.19014104062499998 0.8138728328125 0.20221348749999998 0.805780346875 0.21504046250000003 0.7849710984375 0.217304046875 0.7583815031250001 0.21277687812499999 0.7329479765625 0.1863684 0.7225433531250001 0.1697687859375 0.7283237 0.1599599234375 0.7445086703125
7 0.29049325625 0.653179190625 0.3070928703125 0.676300578125 0.32671059687500004 0.68323699375 0.33878304375 0.6716763 0.3493464359375 0.6462427749999999 0.35236454687499996 0.6219653171874999 0.3493464359375 0.5942196531249999 0.3365194609375 0.5734104046875 0.3214289015625 0.5664739890625 0.2995475921875 0.5861271671875 0.29049325625 0.62427745625 0.29049325625 0.653179190625
7 0.252766859375 0.5028901734375 0.2580485546875 0.5260115609375 0.27540269687499996 0.547976878125 0.291247784375 0.5514450859375 0.3078473984375 0.5283237 0.31463815 0.4855491328125 0.3123745671875 0.45317919062499995 0.3304832375 0.44855491406250003 0.3433102125 0.41618497187500003 0.3485919078125 0.381502890625 0.3350104046875 0.353757225 0.3116200390625 0.346820809375 0.289738728125 0.3664739890625 0.28068439375 0.394219653125 0.2852115609375 0.43005780312499997 0.28822967187500004 0.44393063593750004 0.2701210015625 0.4554913296875 0.25503044375 0.4867052015625 0.252766859375 0.5028901734375
7 0.199949903125 0.5375722546875 0.188631984375 0.5502890171875 0.18485934531249998 0.5745664734375 0.191650096875 0.6138728328124999 0.2074951828125 0.6300578031249999 0.236921771875 0.6208092484375001 0.251257803125 0.6104046249999999 0.255784971875 0.5780346828125 0.25201233125 0.55260115625 0.2354127171875 0.5283237 0.215794990625 0.524855490625 0.199949903125 0.5375722546875
7 0.15694181093749998 0.45780346875 0.141851253125 0.48786127187500006 0.1426057796875 0.5098265890625 0.153169171875 0.53988439375 0.1682597296875 0.553757225 0.1803321765625 0.553757225 0.192404625 0.534104046875 0.20372254375 0.522543353125 0.20372254375 0.4855491328125 0.20145895937499997 0.46473988437499997 0.17731406562500002 0.45202312187500004 0.15694181093749998 0.45780346875
7 0.1697687859375 0.41734104062500005 0.1803321765625 0.446242775 0.19542273593749998 0.44855491406250003 0.21504046250000003 0.45202312187500004 0.228621965625 0.440462428125 0.2354127171875 0.4127167625 0.238430828125 0.383815028125 0.2218312140625 0.3606936421875 0.20372254375 0.3572254328125 0.1841048171875 0.3560693640625 0.1735414265625 0.3907514453125 0.1697687859375 0.41734104062500005
7 0.16750520156249998 0.2913294796875 0.1735414265625 0.3075144515625 0.1833502890625 0.3213872828125 0.20824971093750003 0.32254335312500004 0.22560385312500003 0.31098265937499997 0.23993988437499997 0.289017340625 0.2452215796875 0.3028901734375 0.2580485546875 0.31445086718750004 0.27766628125000004 0.32254335312500004 0.291247784375 0.30635838125000003 0.301056646875 0.2797687859375 0.301056646875 0.2485549140625 0.28822967187500004 0.22427745625 0.2686119453125 0.210404625 0.25427591562499996 0.2208092484375 0.24295799687500003 0.23815028906250002 0.23616724531250002 0.2624277453125 0.23013102187499998 0.24739884375 0.217304046875 0.2335260109375 0.1961772640625 0.22427745625 0.1803321765625 0.23583815000000002 0.165996146875 0.265895953125 0.16750520156249998 0.2913294796875
7 0.3599098265625 0.428901734375 0.363682465625 0.4497109828125 0.3757549140625 0.4786127171875 0.39084547187499996 0.47976878593750005 0.4134813109375 0.47167630000000005 0.4255537578125 0.43005780312499997 0.4210265890625 0.406936415625 0.405181503125 0.382658959375 0.381036609375 0.383815028125 0.3614188828125 0.4138728328125 0.3599098265625 0.428901734375
7 0.4210265890625 0.3075144515625 0.4255537578125 0.32485549062499997 0.4376262046875 0.347976878125 0.451962234375 0.3549132953125 0.4708254328125 0.3514450859375 0.48289788125 0.33294797656249997 0.49346127187500005 0.299421965625 0.49270674375 0.26820809218749997 0.4783707125 0.2450867046875 0.45498034687500005 0.240462428125 0.4346080921875 0.2589595375 0.4210266046875 0.2947976875 0.4210265890625 0.3075144515625
7 0.5093063578125 0.24393063593750003 0.51986975 0.2589595375 0.5349603078125 0.263583815625 0.5477872828125 0.2450867046875 0.557596146875 0.2196531796875 0.5606142578125 0.19537572187500002 0.556087090625 0.171098265625 0.5394874765625 0.1491329484375 0.5251514453125 0.1560693640625 0.503270134375 0.16416185 0.5017610796875001 0.2138728328125 0.5093063578125 0.24393063593750003
7 0.608904046875 0.1734104046875 0.6164493249999999 0.183815028125 0.631539884375 0.19306358437499999 0.6504030828125 0.1976878609375 0.6654936421875 0.18497109843749998 0.6753025046875 0.1560693640625 0.6715298656249999 0.1329479765625 0.6617210015625 0.110982659375 0.641348746875 0.099421965625 0.621731021875 0.112138728125 0.6096585734375 0.146820809375 0.608904046875 0.1734104046875
7 0.722837765625 0.1502890171875 0.7220832374999999 0.1618497109375 0.7266104046875 0.183815028125 0.7379283234375 0.19537572187500002 0.7500007703125 0.1976878609375 0.7613186890625 0.1976878609375 0.772636609375 0.19537572187500002 0.78470905625 0.1664739890625 0.7884816953125 0.136416184375 0.7786728328125 0.1052023125 0.75754605 0.0924855484375 0.7409464359375 0.10982658906250001 0.7266104046875 0.134104046875 0.722837765625 0.1502890171875
7 0.3304832375 0.2843930640625 0.33123776562499996 0.32254335312500004 0.3561371875 0.353757225 0.3697186890625 0.346820809375 0.39009094375000003 0.3306358375 0.3916 0.29826589531250003 0.3863183046875 0.26820809218749997 0.366700578125 0.2485549140625 0.33802851562499997 0.263583815625 0.3304832375 0.2843930640625
7 0.3229379578125 0.1907514453125 0.3463283234375 0.16416185 0.34406474062500003 0.123699421875 0.33123776562499996 0.0947976875 0.31388362187499996 0.0867052015625 0.29275684062499996 0.0855491328125 0.2821934484375 0.10982658906250001 0.2791753375 0.1387283234375 0.2814389203125 0.158381503125 0.3086019265625 0.18497109843749998 0.3229379578125 0.1907514453125
7 0.1803321765625 0.1271676296875 0.178823121875 0.1502890171875 0.199195375 0.1722543359375 0.21353140625 0.18497109843749998 0.23013102187499998 0.17803468281249998 0.241448940625 0.1572254328125 0.24295799687500003 0.1202312140625 0.23013102187499998 0.09364161875 0.21051329531250002 0.08092485625 0.1976863203125 0.0867052015625 0.18485934531249998 0.1017341046875 0.1803321765625 0.1271676296875
7 0.3576462421875 0.1803468203125 0.363682465625 0.205780346875 0.3870728328125 0.2254335265625 0.4142358375 0.20693641562499998 0.4217811171875 0.17803468281249998 0.41725395 0.13988439375 0.40593603125 0.1156069359375 0.3863183046875 0.112138728125 0.368209634375 0.123699421875 0.3561371875 0.1491329484375 0.3576462421875 0.1803468203125
7 0.4398897875 0.147976878125 0.4527167625 0.1734104046875 0.4715799609375 0.169942196875 0.48742504843749995 0.14335260156250001 0.5010065515625 0.1202312140625 0.4979884390625 0.089017340625 0.48968863125000006 0.0739884390625 0.4783707125 0.0693641625 0.464789209375 0.0693641625 0.45724393125 0.07630057812499999 0.4466805390625 0.075144509375 0.4330990359375 0.110982659375 0.4398897875 0.147976878125