7 0.47548851875000003 0.9322748187500001 0.48671809218749995 0.9492906609375 0.5045437078125 0.9663346671875 0.5381132765625 0.978800903125 0.896141115625 0.886326153125 0.9075446625 0.8700371859375 0.9134003625 0.8460106218749999 0.8796152796875001 0.80797689375 0.8520080953125 0.7813363828125001 0.81336406875 0.71165244375 0.7475645234375 0.71219515 0.6714688984375 0.7275202000000001 0.610431509375 0.738955865625 0.55354498125 0.764906096875 0.5161570671875 0.7962111671875001 0.4932483546875 0.8341675375 0.47568083281250007 0.8724761890625 0.4686025390625 0.9037459515625 0.47548851875000003 0.9322748187500001
7 0.9722464703125 0.56670359375 0.9443501875000001 0.5791044656250001 0.874722396875 0.6343234359375 0.8286472968749999 0.6886545578125001 0.8186088937499999 0.7250185203124999 0.8237573515625 0.751398390625 0.8542605453125001 0.792877575 0.889268221875 0.8236681078125001 0.9284585984374999 0.8421212421875 0.9675549312499999 0.8463872109375 0.9779892765625 0.5646599078125 0.9722464703125 0.56670359375
7 0.8694440531250001 0.512725153125 0.8352730875000001 0.49297555937500004 0.815388171875 0.4721338109375 0.8119131296875001 0.467835815625 0.7724977578125001 0.4684911875 0.70830710625 0.477277603125 0.6036393796875 0.49478695781250004 0.566154678125 0.50533478125 0.54501533125 0.5185881890624999 0.489255446875 0.5840800578125 0.47011171249999995 0.6548351234374999 0.45318774843750004 0.696441259375 0.4641600640625 0.7256465249999999 0.52062886875 0.7448323890624999 0.6419314609375 0.724758278125 0.743317296875 0.7106943828125 0.788685153125 0.70676969375 0.8229843296875 0.686653534375 0.8584738328125001 0.6523750953125 0.8989827484375 0.6168001953125 0.9140083046875 0.5722206921875 0.9125598796875 0.5310303109375 0.8694440531250001 0.512725153125
7 0.8343705968749999 0.36678333125 0.854351459375 0.34084024375 0.8695060609375 0.32393706875 0.8828267765625 0.3178986890625 0.87577990625 0.2885454515625 0.8690225546875 0.253921871875 0.8748782546875 0.22989530937499997 0.8798654046875001 0.22167976562499997 0.8253595359375 0.2193054375 0.7683439625 0.21757933437500002 0.7175703875 0.2073135765625 0.6842361312499999 0.19860492031250002 0.6428900875 0.189367840625 0.617793028125 0.195850140625 0.59475526875 0.206130184375 0.5817563328124999 0.213817303125 0.5374505968750001 0.24344546406249998 0.50418128125 0.2823460140625 0.4623211453125 0.3312588234375 0.44417459062500003 0.38010815625 0.44713512031249997 0.408784996875 0.47384149375 0.4443174484375 0.5113588734375 0.47445974843750005 0.5473959890625 0.49026362968750004 0.586200065625 0.49322985625 0.768540046875 0.4617200796875 0.7978198109375 0.44290037968749996 0.8050912546875001 0.419374071875 0.8151619218749999 0.3899291921875 0.8343705968749999 0.36678333125
7 0.8934153078125 0.5342432953125 0.9239180812500001 0.5419514421875 0.9617890828125001 0.546890525 0.978668934375 0.5463091234374999 0.9835914000000001 0.41340256562500005 0.9657881109374999 0.322181390625 0.9365604609375 0.3230702484375 0.9109484703125 0.320160353125 0.8900663796874999 0.321224353125 0.8583414296875 0.35453043281249996 0.8299306390625001 0.391310153125 0.8110760031250001 0.4230238375 0.80570296875 0.449523515625 0.81207401875 0.4686601875 0.8308649718750001 0.49065041875000004 0.8567023718750001 0.50822285 0.8934153078125 0.5342432953125
7 0.8708246000000001 0.2699090359375 0.890001853125 0.307386175 0.9434782828125 0.3247471546875 0.9661686734374999 0.32413133437499997 0.93057831875 0.1417721171875 0.919151309375 0.159577021875 0.90097249375 0.2015072734375 0.8864937109375 0.228627015625 0.8710495921874999 0.25080053125 0.8708246000000001 0.2699090359375
7 0.65874925 0 0.6082347765625 0.03206096875 0.5916003296875 0.0683967640625 0.5896382328125 0.1191273125 0.6001924062499999 0.159697628125 0.6390610062500001 0.1765020203125 0.6795467421875 0.1929788515625 0.751749015625 0.20886988281250002 0.8111901874999999 0.21325406875000003 0.8702278765625 0.2078738671875 0.9032668265625 0.1924322390625 0.9180076250000001 0.1679007859375 0.9217841453125001 0.1333721109375 0.9273252828125 0.125104090625 0.90290919375 0 0.65874925 0
7 0.39220979843750003 0 0.1978429625 0.05020286875 0.21754722499999998 0.06559335937500001 0.24886336718750002 0.10290029687499999 0.30643466406250003 0.1284915125 0.36858945 0.13908282031250002 0.4598228296875 0.12933425625 0.5270376484375 0.111973390625 0.5793278296875 0.07971705625 0.6053260921875 0.0512910625 0.6295275328125001 0.021355446875 0.6635897328125 0 0.39220979843750003 0
7 0.4756661703125 0.3028769015625 0.5117849734375 0.25703397968749997 0.522565415625 0.2276042875 0.533895934375 0.20099309375000002 0.5066136828125 0.184355165625 0.4752244859375 0.1697648765625 0.429350903125 0.1579288890625 0.35769870625 0.1448563609375 0.310945096875 0.13620825625 0.27115864218749997 0.12477374999999999 0.22609202968750003 0.13246653125000002 0.156310665625 0.1751618109375 0.112637865625 0.21308724843750002 0.09173688125 0.2599338703125 0.079049796875 0.3026852109375 0.09764160625 0.3363706875 0.14003185 0.36884358437500003 0.17981830625 0.3802780921875 0.22316163437499997 0.38684645624999997 0.2754522953125 0.393077540625 0.3221691375 0.3938402609375 0.377613184375 0.38544081874999997 0.430306853125 0.36294886875 0.46290555 0.329857475 0.4756661703125 0.3028769015625
7 0 0.3319397109375 0.0589180578125 0.2842003796875 0.0987770921875 0.23443081875 0.1300555109375 0.1868775359375 0.1373889046875 0.14748271562499998 0.1156069390625 0.1205423828125 0.079523946875 0.09729585156250001 0.0410361875 0.090704378125 0 0.101303584375 0 0.3319397109375
7 0 0.6282176203125001 0.02922015625 0.63233775 0.0701798203125 0.626692609375 0.0944915640625 0.620413146875 0.098524978125 0.6025947375 0.103585009375 0.5746425640624999 0.11293534999999999 0.5455822515625 0.128372815625 0.5169234171875 0.1493473359375 0.48584756249999994 0.1688917515625 0.45514108750000004 0.17395178125 0.42718891562500005 0.1750882265625 0.40222388281250004 0.1459723875 0.37619094999999997 0.111356265625 0.36046041875 0.0801136578125 0.3389242484375 0.0576717921875 0.32399668125000003 0.023165971875 0.331922303125 0 0.34219283906250003 0 0.6282176203125001
7 0.48667056249999996 0.5901714421875 0.5129252390625 0.5399682968749999 0.5278493953125001 0.5163763484375 0.5239988624999999 0.4966468375 0.5033170499999999 0.47534350625000005 0.48069182499999996 0.4594764390625 0.45784647500000003 0.43478448593749996 0.44127160937500004 0.411433515625 0.389714384375 0.40896043125 0.3370937734375 0.4087357296875 0.2775427765625 0.41918281406249996 0.22213549531250001 0.4354676390625 0.1767757 0.4570521875 0.13882330781250002 0.49350010624999996 0.110368328125 0.53242924375 0.0992579359375 0.5678653203125 0.10054192343749999 0.61292924375 0.10296235625000001 0.63302813125 0.12742116718750002 0.6582902046875 0.1565370046875 0.6843231390625 0.194380046875 0.7011939093749999 0.21403476562499998 0.6941435859375 0.2701754828125 0.6816167609375 0.358695246875 0.6656610749999999 0.4392942984375 0.63990890625 0.471783171875 0.6216487765625 0.48667056249999996 0.5901714421875
7 0.1316408078125 0.8723358109375001 0.1827950265625 0.9035319265625 0.22192158125 0.9269792015625 0.27978606093749997 0.9386786453125 0.329839646875 0.9257503406250001 0.396907875 0.9153353578125 0.46173903281250006 0.8857609859375 0.4739495765625 0.8559619109375 0.487956940625 0.827672459375 0.50533781875 0.7935773625 0.53709325625 0.7715592328125 0.5516874656249999 0.7539736640625 0.5289524171875 0.7529378624999999 0.4936763953125 0.7492200999999999 0.4615905296875 0.7387571937499999 0.44057876562500004 0.723460246875 0.436911590625 0.7046702359375 0.4484254671875 0.67899854375 0.4549156 0.650676990625 0.4271568109375 0.6469913296875001 0.403211784375 0.6551497921875 0.3571185546875 0.6729763375 0.32085267968750003 0.6872777250000001 0.2818731953125 0.6953719875 0.2464505828125 0.698600109375 0.20868107343750003 0.6975001062499999 0.18403938125 0.709785953125 0.1483603515625 0.7347912234375 0.1195386546875 0.7718413609375 0.108098309375 0.813283821875 0.11040891875 0.848213978125 0.1316408078125 0.8723358109375001
7 0.027755196875 0.7787714203125 0.0227935890625 0.7794552390625 0.0652450046875 0.9969694203125 0.1279751265625 0.99511075 0.1336224203125 0.9902471890625 0.1643507625 0.9398754046875 0.1704374125 0.9017894671875 0.1248937796875 0.883947096875 0.109785784375 0.868112128125 0.0980513046875 0.8464715171874999 0.0979777703125 0.8307007499999999 0.1064480828125 0.8048283171874999 0.1061911890625 0.7881180484375 0.095593628125 0.7799998234375 0.0644245546875 0.7742344203125 0.027755196875 0.7787714203125
7 0.1394158875 0.9660530171874999 0.1233915765625 0.9840079656249999 0.11284825312499999 0.9955589546875 0.48479473593750005 0.9845383171875 0.48491528749999996 0.9814213921875 0.47798442343750003 0.953605759375 0.4526088171875 0.923646184375 0.4370973375 0.89804683125 0.402335103125 0.9277496046874999 0.3667659 0.9379236093750001 0.3297298234375 0.9405816078125 0.285689828125 0.938140628125 0.23787283593750003 0.9317409015625 0.1868656859375 0.9320863203125 0.15775032656250002 0.94454080625 0.1394158875 0.9660530171874999
7 0 0.6626645718749999 0.017566809375 0.7526740578125 0.04113895 0.7318927000000001 0.04132183125 0.69434478125 0.01770628125 0.6580094437499999 0 0.6483003390625 0 0.6626645718749999