7 0.534104046875 0.1375722546875 0.5549132953125 0.1791907515625 0.5930635843750001 0.22774566406250002 0.653757225 0.2612716765625 0.717919075 0.275144509375 0.7595375718749999 0.2485549140625 0.8202312140625001 0.23815028906250002 0.8427745671875 0.210404625 0.8601156062499999 0.169942196875 0.858381503125 0.134104046875 0.8549132953124999 0.1028901734375 0.8393063578125 0.07630057812499999 0.8063583812499999 0.0554913296875 0.754335259375 0.0450867046875 0.6971098265625 0.040462428125 0.6277456640625 0.046242775 0.563583815625 0.064739884375 0.5410404625 0.123699421875 0.534104046875 0.1375722546875
7 0.7578034687499999 0.31329479843749997 0.7682080921875001 0.36531791875 0.783815028125 0.39884393125 0.86531791875 0.404624278125 0.9572254328125 0.4127167625 0.9936416187500001 0.40924855468750004 0.9971098265625 0.2450867046875 0.9294797687499999 0.2312138734375 0.8566473984374999 0.23236994218749998 0.7734104046875 0.254335259375 0.7213872828125 0.2797687859375 0.7578034687499999 0.31329479843749997
7 0.7387283234375001 0.5445086703124999 0.7508670515625 0.5560693640625 0.7682080921875001 0.582658959375 0.794219653125 0.5942196531249999 0.828901734375 0.60115606875 0.87572254375 0.6196531796875 0.9 0.6323699421875 0.9589595375 0.63583815 0.99884393125 0.6312138734375 0.9867052015625 0.4208092484375 0.912138728125 0.4127167625 0.87572254375 0.41734104062500005 0.8046242781249999 0.440462428125 0.754335259375 0.46820809218750004 0.7352600875 0.5190751453125 0.7387283234375001 0.5445086703124999
7 0.563583815625 0.7387283234375001 0.5791907515625 0.7630057796874999 0.6138728328124999 0.782658959375 0.6919075140625 0.7791907515625 0.745664740625 0.7803468203125 0.8202312140625001 0.793063584375 0.8531791906249999 0.771098265625 0.8878612718750001 0.7271676296875 0.91907514375 0.687861271875 0.8913294796875 0.6369942203125001 0.8497109828125 0.618497109375 0.7768786125 0.5942196531249999 0.7196531796875 0.5734104046875 0.6745664734375 0.5780346828125 0.6156069359375 0.61156069375 0.57572254375 0.6554913296875 0.56531791875 0.712138728125 0.563583815625 0.7387283234375001
7 0.57572254375 0.78843930625 0.5410404625 0.8092485546875 0.5098265890625 0.8393063578125 0.5011560687500001 0.8890173406249999 0.5098265890625 0.9236994218750001 0.5410404625 0.96531791875 0.577456646875 0.989595375 0.8063583812499999 0.9884393062499999 0.8219653171875001 0.982658959375 0.8618497109375 0.9526011562500001 0.882658959375 0.9075144515625 0.882658959375 0.8601156062499999 0.8393063578125 0.8254335265625 0.7976878609375 0.8 0.700578034375 0.7791907515625 0.6017341046875 0.7791907515625 0.57572254375 0.78843930625
7 0.33988439375 0.68092485625 0.30693641562499996 0.6901734109375 0.26531791875 0.71676300625 0.2202312140625 0.7618497109375 0.20289017343750002 0.8034682078125 0.2375722546875 0.85780346875 0.277456646875 0.8855491328125 0.353757225 0.9075144515625 0.410982659375 0.9144508671875 0.46820809218750004 0.9086705203125 0.4907514453125 0.865895953125 0.51156069375 0.8254335265625 0.5202312140625 0.7734104046875 0.5150289015625 0.736416184375 0.4734104046875 0.7063583812500001 0.3867052015625 0.6728323703125 0.33988439375 0.68092485625
7 0.048554914062499996 0.571098265625 0.027745664062499998 0.58843930625 0.024277456250000003 0.6104046249999999 0.046820809375 0.65780346875 0.06416184999999999 0.6913294796875 0.1127167625 0.7271676296875 0.1786127171875 0.7618497109375 0.21676300624999997 0.7606936421875 0.2410404625 0.7375722546875 0.2739884390625 0.7132947984375 0.3 0.689017340625 0.3277456640625 0.675144509375 0.3745664734375 0.6682080921875 0.3849710984375 0.6450867046875 0.36936416250000004 0.60115606875 0.32947976875 0.5618497109375 0.2549132953125 0.5271676296875001 0.182080925 0.5317919078125 0.062427745312500005 0.559537571875 0.048554914062499996 0.571098265625
7 0.048554914062499996 0.475144509375 0.08323699375 0.5017341046875 0.12485549062500001 0.524855490625 0.1768786125 0.522543353125 0.24277456718749998 0.5202312140625 0.27572254375 0.5271676296875001 0.3156069359375 0.5283237 0.3156069359375 0.5086705203124999 0.310404625 0.48439306406249993 0.32427745625000004 0.46936416249999996 0.3502890171875 0.4554913296875 0.3728323703125 0.440462428125 0.38843930625 0.4231213875 0.381502890625 0.3919075140625 0.3728323703125 0.3549132953125 0.336416184375 0.335260115625 0.287861271875 0.3260115609375 0.23410404687500003 0.3098265890625 0.194219653125 0.3028901734375 0.1439306359375 0.30867052031250003 0.0867052015625 0.32947976875 0.027745664062499998 0.383815028125 0.0450867046875 0.45780346875 0.048554914062499996 0.475144509375
7 0.312138728125 0.5167630062499999 0.33468208125 0.5433526015625 0.3502890171875 0.5630057796875 0.3728323703125 0.5791907515625 0.39884393125 0.5942196531249999 0.46820809218750004 0.6138728328124999 0.528901734375 0.6173410406250001 0.6 0.5907514453125 0.62947976875 0.5514450859375 0.6329479765625 0.5132947984375 0.6138728328124999 0.4786127171875 0.577456646875 0.4497109828125 0.51156069375 0.42196531718749997 0.4803468203125 0.41849710937499995 0.3225433734375 0.4855491328125 0.312138728125 0.5167630062499999
7 0.204624278125 0.2786127171875 0.23236994218749998 0.31098265937499997 0.27572254375 0.32254335312500004 0.32947976875 0.33294797656249997 0.381502890625 0.353757225 0.39364161875 0.382658959375 0.44219653125 0.3722543359375 0.4491329484375 0.3572254328125 0.46300577968749995 0.3213872828125 0.48901734062499996 0.31445086718750004 0.51156069375 0.2913294796875 0.553179190625 0.276300578125 0.547976878125 0.2450867046875 0.51156069375 0.2034682078125 0.46300577968749995 0.17803468281249998 0.37109826562500003 0.1618497109375 0.32427745625000004 0.1618497109375 0.282658959375 0.182658959375 0.1959537578125 0.253179190625 0.204624278125 0.2786127171875
7 0.49768786093750006 0.41618497187500003 0.523699421875 0.41849710937499995 0.558381503125 0.4369942203125 0.5930635843750001 0.46242774531249997 0.6312138734375 0.4913294796875 0.6554913296875 0.49595375781250006 0.705780346875 0.4901734109375 0.75260115625 0.46127167656249995 0.775144509375 0.39884393125 0.7716763 0.3549132953125 0.754335259375 0.31676300625 0.7213872828125 0.29710982656249996 0.6329479765625 0.2913294796875 0.547976878125 0.2947976875 0.46820809218750004 0.31907514375 0.44739884375 0.3861271671875 0.46820809218750004 0.4127167625 0.49768786093750006 0.41618497187500003
7 0.88092485625 0.8612716765625 0.8965317921875 0.9005780343750001 0.88092485625 0.9491329484375 0.917341040625 0.9942196531249999 0.99884393125 0.99884393125 0.99884393125 0.7861271671875001 0.981502890625 0.7861271671875001 0.9294797687499999 0.79884393125 0.8705202312500001 0.8312138734375001 0.88092485625 0.8612716765625