7 0.3536614890625 0.0240367171875 0.2726860796875 0.028151390625 0.2527816203125 0.0544077375 0.24148143437499997 0.0987932984375 0.24093712968749997 0.1470134453125 0.25318749218750003 0.1682966328125 0.30020375625 0.198766071875 0.33360006875 0.22554645624999997 0.3698916734375 0.260941990625 0.4003926921875 0.279107225 0.43183504531250005 0.2599849765625 0.45349407812500003 0.2085013375 0.45400716093750004 0.15152050781249998 0.4304789984375 0.08042732968750001 0.384832328125 0.0323637546875 0.3536614890625 0.0240367171875
7 0.256479821875 0.18784444843749998 0.21677984062500003 0.2008145953125 0.20368180468750002 0.24310094375000002 0.19338539999999999 0.2677203890625 0.19570516875 0.3157950015625 0.20698297187499998 0.36560499062499996 0.2250239171875 0.40411847968750003 0.2760017 0.4409583203125 0.3251191875 0.4581775796875 0.35918468593749997 0.47178055625 0.38313226718750004 0.459610846875 0.3954986734375 0.4129805390625 0.399973271875 0.3623701109375 0.39110006406250003 0.28396055468750003 0.36522975 0.2589883140625 0.337561584375 0.231916859375 0.2998691625 0.20535477656249998 0.256479821875 0.18784444843749998
7 0.176530846875 0.5621129078125 0.198261159375 0.6311068718749999 0.2374480578125 0.6751175578125 0.28942961875 0.6921912828125001 0.333791521875 0.6811748125 0.36413643281249997 0.655536625 0.38390395312500003 0.575671721875 0.37219789531249997 0.5061683875 0.339136178125 0.47279929843749996 0.3072343453125 0.4634675125 0.25915185625000003 0.435242821875 0.2222535078125 0.4305460671875 0.18681841562499998 0.43453722812500006 0.169517934375 0.50332393125 0.176530846875 0.5621129078125
7 0.3793981359375 0.6175214671875 0.369833359375 0.646484871875 0.3645646890625 0.6752299734375 0.371818534375 0.701148190625 0.395587625 0.7393706078125 0.432610859375 0.7791101015625 0.47493398124999997 0.798865178125 0.512470296875 0.7816238390625 0.534463921875 0.7235514984375 0.556457546875 0.6654791546875 0.5527369625 0.62623799375 0.5279016484375 0.5902603203125001 0.496240746875 0.5480577796875 0.4384685984375 0.5137537546875001 0.4209495703125 0.5212156671875 0.39879983750000003 0.5354845859374999 0.3899666921875 0.5687919499999999 0.3793981359375 0.6175214671875
7 0.40927473281250004 0.460473015625 0.44416552343750004 0.504702 0.4947462671875 0.530609178125 0.5391081703125 0.519592709375 0.5575373171875 0.46608262656250005 0.5666738375 0.417425875 0.5615212171875 0.37825748125 0.5290662421875 0.31418961093750003 0.4927746375 0.2787940765625 0.4508173328125 0.26121098125 0.41184898125 0.2785250859375 0.3911625078125 0.3014819234375 0.39917919999999996 0.340504784375 0.406526709375 0.3927050546875 0.4002230390625 0.4324555859375 0.40927473281250004 0.460473015625
7 0.6576237484375 0.4171854953125 0.68736191875 0.4222460859375 0.7101496125 0.38603907187500003 0.702833328125 0.342599484375 0.6886290125000001 0.2754136640625 0.6637624765625 0.2306753046875 0.618178246875 0.2001331 0.556538246875 0.1857407265625 0.522963446875 0.2093524671875 0.5110252953125001 0.275676121875 0.5355260171875 0.3182425015625 0.5650856953125001 0.37369521875 0.5802313515625 0.40359355781249995 0.6139622546875 0.4237852390625 0.6576237484375 0.4171854953125
7 0.5562301656249999 0.50119813125 0.528048915625 0.5311075093750001 0.5342365390625 0.559270471875 0.5494134125000001 0.597929496875 0.5703184328125 0.6362974515625 0.6029518953124999 0.6499731921875 0.6402160578125 0.6568419265625 0.6785464421875 0.6614659140625 0.7027661765625 0.6251861328125 0.7218957296874999 0.5672593265625 0.7177468890625 0.508324815625 0.6917204703125 0.43954915312500004 0.6616477062499999 0.441077265625 0.6103977734375 0.42834749843750003 0.569172096875 0.4151083625 0.571491865625 0.4631829734375 0.5562301656249999 0.50119813125
7 0.6862956953125 0.42449083125 0.696382390625 0.4415028296875 0.709426821875 0.48465134687500006 0.7321296921875 0.5251185109375001 0.7525752375 0.5350324328125 0.789808178125 0.533140484375 0.8352675250000001 0.5286399515625 0.8498600375 0.5038022062499999 0.8615884812499999 0.47910999218750006 0.8703591859375001 0.4282812609375 0.85265283125 0.3831790671875 0.8177932625000001 0.347710765625 0.77763380625 0.3322268796875 0.723216428125 0.33499203906249997 0.7107251375 0.34657960781249997 0.71474909375 0.3704713796875 0.7044839109375001 0.40385150937500003 0.6862956953125 0.42449083125
7 0.727623875 0.5669682578125 0.71202758125 0.6115721187500001 0.7059960625 0.627212578125 0.7068213531249999 0.6578385890625 0.710144903125 0.6861470890625 0.7224889265625001 0.7337123296875 0.7411990609375 0.7590484078124999 0.7609129765625 0.7646183718749999 0.7859892203125 0.7677252859375 0.8199922765625001 0.763806890625 0.8451309625000001 0.7844351734375 0.85969225625 0.75083674375 0.8713894765625 0.717383846875 0.8787281453125001 0.6666278828125 0.862694759375 0.5885821625000001 0.8334696734374999 0.526540740625 0.782647996875 0.5335043203125001 0.7382548734375 0.5357601078124999 0.727623875 0.5669682578125
7 0.8239253156249999 1 0.8526121906249999 0.9746344140625001 0.875703259375 0.9230780109375001 0.860098128125 0.8647256406249999 0.830078971875 0.7808188890625 0.7809614828125 0.7635996281249999 0.7443977281249999 0.75231416875 0.722979625 0.7709270453125 0.7106756609375 0.8350787234375 0.7044032109375 0.8835899390625 0.730367190625 0.9348442328125 0.7627597203125001 0.9813907328125 0.7961248109375 0.9994104343749999 0.816718865625 1 0.8239253156249999 1
7 0.6597379359375 0.9099557984375 0.6854521484375 0.8911246203125 0.7020834421875 0.8355153265625 0.7147220015625 0.7647749453125 0.708503159375 0.7278512984375001 0.67284951875 0.6705176671874999 0.6323554703125 0.6616224875000001 0.594725490625 0.652581775 0.56151650625 0.6783654968749999 0.547048875 0.7382459828125 0.5623506359375 0.8119477406250001 0.5987359015625 0.8736253296875001 0.636093728125 0.9067761171875001 0.6597379359375 0.9099557984375