7 0.7834442 1 0.7850474859375 0.9857614484375 0.7673272250000001 0.9367046015625 0.7423850046875 0.902720884375 0.6703028171875001 0.8882863828125 0.6223668078125 0.8550709375000001 0.544258490625 0.8696215859375 0.46880776874999996 0.9078395031250001 0.41927437031250003 0.964799646875 0.399117015625 1 0.7834442 1
7 0.9202710578125 0.69793025625 0.8092893968749999 0.7046550375 0.7109787437499999 0.7089453578125 0.68966745 0.748622390625 0.6731846828125 0.810637221875 0.6268859625000001 0.849640815625 0.6874043296875 0.8818073890625 0.785669778125 0.9108273484374999 0.8730371296874999 0.9145699703125001 0.9299141984375 0.9045883781249999 0.9464907468750001 0.7011489140625 0.9202710578125 0.69793025625
7 0.7391574125 0.6597375546875 0.8227582140624999 0.68975026875 0.86613163125 0.6964711421875001 0.9474070765624999 0.6899030515625 0.9596148 0.54008098125 0.9663736406250001 0.4344357953125 0.9394619437499999 0.43056750624999995 0.86839829375 0.4328162046875 0.83827119375 0.44727201875 0.7806311484374999 0.4679262234375 0.7384535640625 0.4751173671875 0.706332821875 0.48813147187499994 0.6834711171875 0.5194388437499999 0.668008659375 0.532901903125 0.6618938515624999 0.56327264375 0.680898621875 0.6248559218749999 0.7391574125 0.6597375546875
7 0.5363450828125 0.24342973906249998 0.4931923921875 0.26586237343749997 0.4725902640625 0.2944546875 0.4726337 0.326379378125 0.48078378125 0.39461000625 0.525307821875 0.44855318125 0.5935348125 0.4906433625 0.6473196546875 0.49764483593750003 0.71763070625 0.47455616875000006 0.8069482625 0.4478158109375 0.8583414484375 0.42699324531249994 0.8955584265625 0.3669252015625 0.861091234375 0.31880498749999997 0.8228140515625 0.265030171875 0.7849348890625001 0.2376376859375 0.694421503125 0.25046602500000004 0.6297820015625 0.2501119015625 0.5363450828125 0.24342973906249998
7 0.8650386187500001 0.1592937765625 0.8686730890625001 0.10248458593750001 0.8471428375000001 0.047773140625 0.8340667312500001 0.037069632812499996 0.4956365390625 0.022028290625 0.4644648375 0.02118818125 0.4628950875 0.022149490625 0.422222703125 0.071020575 0.40915190625 0.1123076734375 0.4157515734375 0.1721686453125 0.45092793281250004 0.20920414062499998 0.4909780265625 0.23526715625 0.521503146875 0.247193671875 0.6401934296875 0.2503924984375 0.75839705 0.2285945875 0.8103221093749999 0.1994584828125 0.8650386187500001 0.1592937765625
7 0.16068886875 0.34434373906250004 0.19954313125 0.356494734375 0.255144328125 0.3677090984375 0.3618293328125 0.3303329796875 0.414108975 0.2956545140625 0.423192490625 0.2514839921875 0.416770115625 0.18885184375 0.39488528125 0.1396827578125 0.3710954546875 0.0876863703125 0.302823253125 0.0789064671875 0.23357595468749998 0.085368053125 0.140271115625 0.10922499375000001 0.09025105 0.1411883984375 0.0444389953125 0.2051887328125 0.062070610937500006 0.255631171875 0.1127528609375 0.31112829531249997 0.16068886875 0.34434373906250004
7 0 0.5302541125 0.08572126875 0.5380283359375 0.177918921875 0.4988737859375 0.2288254421875 0.45305448125 0.250934546875 0.40090713906250003 0.24021374375 0.3728586203125 0.1845239015625 0.363029846875 0.1522710796875 0.34550485000000003 0.122898353125 0.3155656625 0.0851964828125 0.285401996875 0.0578173953125 0.2569045203125 0.0120957546875 0.254284296875 0 0.2601165484375 0 0.5302541125
7 0 0.804236875 0.044068470312500004 0.7978458171875 0.10986036562499998 0.7801872703125 0.168873528125 0.7706739046875 0.2141085015625 0.748297390625 0.227356590625 0.704239109375 0.23807916406250001 0.6670526578125 0.22066827656250002 0.6457637296875001 0.1947509546875 0.627021503125 0.164580415625 0.6095526265625 0.1490745234375 0.5910909984375 0.1571829390625 0.5621619671875 0.1586899140625 0.5386069375 0.110708696875 0.5387017734375 0.07061339531250001 0.5459490375 0 0.5415630828125 0 0.804236875
7 0.153638884375 0.5523505984375 0.1637391953125 0.5900982484374999 0.348085725 0.6755693671875 0.385832803125 0.672422753125 0.46708715312500004 0.6413011453124999 0.5130312906250001 0.607839909375 0.5385958015625001 0.566889528125 0.5373565359375 0.52105281875 0.5049716296875 0.472988721875 0.4216367640625 0.43881924375 0.348490828125 0.44101181875 0.263692425 0.46232205625 0.231305746875 0.47949293125 0.20299499375000002 0.498161634375 0.1827474484375 0.5212115859375 0.153638884375 0.5523505984375
7 0 0.8698889515625 0.092621453125 0.9518320703125 0.14100068906250002 0.9781195671875 0.197222403125 0.9796348015625 0.30882458125 0.9632108890625 0.3690787859375 0.9342992640625001 0.41599802500000005 0.8855965390625 0.4246383140625 0.8483539671875 0.37581585156249997 0.8289944218749999 0.3505190484375 0.8005530671875001 0.319816634375 0.7913977296875 0.3059063640625 0.74799548125 0.2987296140625 0.7297583328125 0.241223425 0.7157166671875 0.2244312859375 0.7499635796875 0.16036709375 0.7732206078125 0.09501842656250001 0.783951203125 0.042074828125000005 0.796404109375 0.006276179687499999 0.8343027125000001 0 0.8496369015624999 0 0.8698889515625
7 0.44320690625000003 0.6559253171874999 0.4001428640625 0.6769723609375 0.36873128906249997 0.6789017453125 0.3330664953125 0.6821044781250001 0.3060402203125 0.7132996109375 0.32588620156250003 0.79433726875 0.41980978437500005 0.8260161687500001 0.5215758484374999 0.8329228078125 0.628215646875 0.8288569671875001 0.6692860484375001 0.8063682140624999 0.6930342109375001 0.761204940625 0.7005673156250001 0.7086647593750001 0.6782844625 0.6331133437500001 0.6242788890625001 0.5969583578125001 0.5643358328125 0.5884029375 0.5348292484375 0.5931596171875 0.48680282343750003 0.6265647328124999 0.44320690625000003 0.6559253171874999
7 0.863044978125 0.15785206875 0.848246478125 0.1935406890625 0.9165621156249999 0.23424528125 0.978055584375 0.251170365625 0.9780982984375 0.2511715171875 0.99134863125 0.0440599390625 0.8817080671875 0.039187025 0.8697820437500001 0.05254722656250001 0.8847995015624999 0.11124708593749999 0.863044978125 0.15785206875