7 1 0.5861830796875 0.998952440625 0.5802321734375 0.978368859375 0.5175933921875 0.9466019078125001 0.4940019015625 0.9240299515625001 0.485878765625 0.9037567421875 0.4816227171875 0.877739509375 0.492041925 0.85558308125 0.514466540625 0.8287461703125001 0.561162153125 0.8253230640625 0.5838746890625 0.8275388250000001 0.6197469546875001 0.8376700343750001 0.668475834375 0.8564312140625001 0.7216199078125001 0.8775297890625 0.73828550625 0.9115068125000001 0.74906330625 0.9554541671875001 0.7306926687499999 1 0.6732600671875 1 0.5861830796875
7 0.6062786421874999 0.6631162640625 0.6006676328125 0.702812690625 0.6070267140625 0.7562169437499999 0.6153798625 0.8037915078125 0.6312551 0.8378451328125 0.6538935640625 0.85847885625 0.6888676203124999 0.8663418125 0.7316019359375 0.857870021875 0.774336253125 0.84939823125 0.7899011171875 0.8250691234374999 0.7970298453125 0.7851706265625 0.7866161218750001 0.7309151640625 0.769045809375 0.6637020484375 0.7425243671875 0.6268927234375 0.7140531984375 0.604253478125 0.683676640625 0.6041247000000001 0.6649654921875 0.60800696875 0.64246004375 0.6123944171875 0.636261840625 0.6368674859375 0.6062786421874999 0.6631162640625
7 0.5916931437499999 0.3478990375 0.6167355140625 0.3445648703125 0.6420382265625 0.3425870875 0.6679503046875 0.360002859375 0.688810709375 0.379482265625 0.707931696875 0.35746179218749996 0.7209152984375 0.3237390171875 0.7227098390625 0.2803775703125 0.705987065625 0.22974420156250003 0.67662401875 0.18218481875 0.6476321625 0.1568327984375 0.61261376875 0.1406294515625 0.584275615625 0.143011375 0.5590615828125001 0.1616699375 0.5319421578125 0.20283896875 0.5331608859375 0.24162607500000002 0.544244790625 0.27909972031249997 0.5713312578124999 0.3269622109375 0.5916931437499999 0.3478990375
7 0.532120109375 0.42677414999999996 0.5247310374999999 0.4653162609375 0.5379641953125 0.5261515859375 0.5551411484375001 0.5669871453125 0.59105141875 0.608110628125 0.6219264921875001 0.6067819828125 0.6502203062499999 0.5960596703125 0.693453140625 0.586130459375 0.7050298703125 0.5734607281249999 0.7160859125 0.558078225 0.719636346875 0.5117009015625 0.71401395625 0.45402541875 0.6949924328125 0.3995249578125 0.6646766937499999 0.363220809375 0.6395234750000001 0.34570400156250003 0.6119220125 0.3438146953125 0.5719849609375001 0.354696153125 0.5377754578125 0.395418115625 0.532120109375 0.42677414999999996
7 0.697551525 0.40474843125 0.7111280125 0.4349349703125 0.7204116859374999 0.4670841078125 0.7219572656250001 0.5197381859375 0.7181464875 0.564759121875 0.7291195453125 0.5813817953125 0.7516693328125 0.585334734375 0.7836079484375 0.5936018328125 0.8124446171875 0.5897624875 0.8274887937500001 0.5627206078125 0.8480388234375 0.523817284375 0.8461885625000001 0.46146642968749996 0.8332600859375001 0.4103278796875 0.8023793203125 0.36297056875 0.7703298578125 0.3338524953125 0.73997546875 0.3378939109375 0.721070484375 0.35293037968749996 0.6931478609374999 0.3858600578125 0.697551525 0.40474843125
7 0.7609586953125 0.6661698265625 0.781625265625 0.6968034296875001 0.7954620953125 0.7283463546875 0.8010623156250001 0.7818516421874999 0.7917013484375001 0.8303936359374999 0.8169818921875001 0.8242456609375 0.8449710218750001 0.8038265671874999 0.8630284687499999 0.772210353125 0.8574282484375001 0.7187050640625 0.8415308421875001 0.68048124375 0.8268686437499999 0.6365287703125 0.810517059375 0.6081027625 0.7830872624999999 0.5908890609374999 0.7559621484375 0.5833721359374999 0.74002609375 0.585493878125 0.7246328953125001 0.5944985921875 0.743848253125 0.637844853125 0.7609586953125 0.6661698265625
7 0.8537606796875 0.504971834375 0.8827354625 0.3842659890625 0.9320113140625 0.3206723453125 0.92279415 0.30103379375 0.9041216484374999 0.2645705 0.8789905984375 0.2512238875 0.861536825 0.253547703125 0.8337637000000001 0.2669827890625 0.8116294406250001 0.2935776 0.7966961125 0.341470453125 0.8031160109375 0.3586993390625 0.81764519375 0.37763064218750003 0.8293992796874999 0.398322471875 0.8379019234375 0.42640244843749997 0.8537606796875 0.504971834375
7 0.5240335890625001 0.6198155484375001 0.5224328828125 0.6520227968750001 0.516063015625 0.69182025625 0.533561128125 0.6978368328125 0.523092278125 0.72844269375 0.5260003906249999 0.7517033375 0.5476475140625 0.82393785625 0.5976492671875 0.8492746953125 0.6287846859374999 0.8493024390624999 0.6185039796875 0.8200681453125 0.6002191453125 0.7612964578125 0.59160565625 0.7123655046875 0.6004902765625 0.669451128125 0.6202371078125 0.6223084484375 0.59534423125 0.6061480296874999 0.5673494109375 0.5778811640625 0.551219521875 0.5911571062500001 0.5240335890625001 0.6198155484375001
7 0.9594689703125001 0.3907421921875 0.9438762468749999 0.36221515000000004 0.9084815671875001 0.4656921109375 0.96777778125 0.42997637031249997 0.9594689703125001 0.3907421921875
7 0.3863866828125 0.725778090625 0.41099704531250003 0.7364119296875 0.43256627812500004 0.69876395625 0.5109670015625001 0.685543503125 0.516860521875 0.6513736578125 0.521973015625 0.6131346546875001 0.516610965625 0.5568155578125 0.5042031765625 0.5083897828125 0.469312109375 0.46852165 0.43329668281249994 0.45523314687500005 0.402205603125 0.46354579375 0.3846023328125 0.4853641984375 0.3607121859375 0.5149748875 0.348985959375 0.54713920625 0.3457402078125 0.6032133078124999 0.366129953125 0.677006284375 0.3682792078125 0.7003679625 0.3863866828125 0.725778090625
7 0.5328460125000001 0.5157046359375 0.52555640625 0.47772581093750005 0.5323582828125 0.42396034374999997 0.5412650734375 0.3852161625 0.5625074546875 0.333701215625 0.54218990625 0.3211047765625 0.491822653125 0.32224653281250004 0.465871928125 0.345176325 0.44462954843749997 0.3966912703125 0.4377611609375 0.43794615468750003 0.46042179687499996 0.46275007187500006 0.49429366249999995 0.5013628531250001 0.5264539734375 0.5513319015625 0.543647403125 0.5476517000000001 0.5328460125000001 0.5157046359375
7 0.3908227078125 0.465061325 0.41347765000000003 0.44117928749999996 0.41943768124999997 0.4195200296875 0.429690525 0.395898171875 0.43235477656250004 0.37328666718750003 0.44512237343749994 0.34654789531249997 0.4609919171875 0.3319155640625 0.4880061859375 0.318581515625 0.4757979234375 0.30768749687499997 0.44914915468750005 0.29454295625000004 0.4245609625 0.2880793109375 0.3995851 0.303924065625 0.37864170937499997 0.3164498328125 0.3704494390625 0.34675258750000004 0.3678517 0.38187467656249996 0.3566461609375 0.4167517671875 0.37204505 0.4564330109375 0.3908227078125 0.465061325