7 0.715002028125 0.672082315625 0.7812014203125 0.64376421875 0.8435341749999999 0.5891413078125 0.8925749546875 0.5144673531249999 0.9045055671875 0.450761328125 0.9120825359375001 0.42622697187499997 0.9167532984375001 0.3318351703125 0.8989219328125 0.2828045765625 0.8495617609374999 0.24689073593750002 0.778127578125 0.208847121875 0.7283166390625 0.1857168421875 0.6516046249999999 0.17770460937500002 0.5933151828125001 0.20467580624999998 0.5756106703125 0.241781946875 0.56819679375 0.2997601171875 0.5306517203125 0.40191918437499996 0.524612796875 0.4562540828125 0.5340540015624999 0.5284078953125 0.582431090625 0.5731669515625 0.715002028125 0.672082315625
7 0.524397603125 0.3970956109375 0.5619653312499999 0.32964395625 0.5801206109375 0.27975425625 0.57942520625 0.2423721 0.570101790625 0.1342472703125 0.5547688984375 0.0714645875 0.527652628125 0.0274241640625 0.4968853875 0.007361265625 0.309984103125 0.0045923578125000005 0.255298478125 0.0341304078125 0.19475520156249998 0.12501941249999998 0.153787465625 0.231790275 0.16614846249999998 0.28640119375 0.187653925 0.337285540625 0.20172285625000003 0.41144064687500004 0.21478605156250002 0.45973355 0.2422126484375 0.49225401875 0.2928662265625 0.507802684375 0.36716810624999996 0.50258874375 0.45123510468749994 0.47060831875 0.524397603125 0.3970956109375
7 0.6736786390625 0.1798343796875 0.7156385203125 0.186326053125 0.7635716390625 0.200168503125 0.8132421359374999 0.22456238593750003 0.837141871875 0.21026532812499998 0.8641607328124999 0.15917626406250002 0.8665323562499999 0.0592874421875 0.864431796875 0.0588979015625 0.65425565 0.026381253124999997 0.64523045 0.043044132812500004 0.6518855046875001 0.17517740625 0.6736786390625 0.1798343796875
7 0.534501921875 0.007918546875 0.521265540625 0.007722453125000001 0.5090307203125 0.0116898421875 0.530624521875 0.0355959296875 0.5480640171875 0.0794245765625 0.559108953125 0.11969325625 0.566842221875 0.1723028796875 0.572949103125 0.222090221875 0.5837199546875 0.22118593749999998 0.6038051546875 0.206298725 0.628939403125 0.1896220015625 0.6558699265625 0.16551120156250002 0.6405211765625001 0.024320934375 0.534501921875 0.007918546875
7 1 0.0798718484375 0.8731255796875 0.060242928125 0.87087920625 0.06381593906250001 0.8642264234375 0.0974905875 0.8688179093749999 0.1521848015625 0.8847714546875001 0.19192756875 0.922155709375 0.22213260625000003 1 0.2545613671875 1 0.0798718484375
7 1 0.2594768515625 0.974938540625 0.253434653125 0.9436385156249999 0.23830954218749997 0.9209211953124999 0.22451227343750002 0.90742988125 0.22371034375 0.8935693499999999 0.25241388124999997 0.88097278125 0.2697449984375 0.8985006125 0.2865953859375 0.9102477500000001 0.32054605 0.9161031984375001 0.3638678453125 0.9167397109375001 0.419235509375 0.899198290625 0.4897854609375 0.8817157640625 0.5423499031250001 0.8797201546875 0.569033090625 0.9150567031250001 0.6002066593750001 0.95350558125 0.6382883859375 1 0.6630108578125 1 0.2594768515625
7 0.9658119421875 1 0.9849078375 0.828185653125 0.90053248125 0.7483432015625 0.8454731625 0.7462515468750001 0.7931637515625 0.7368733562500001 0.746739234375 0.7618242046875 0.7172513421875 0.8176725984375001 0.668794978125 0.92199955625 0.6368529109375001 1 0.9658119421875 1
7 1 0.6732389359375001 0.9508961140625001 0.644311321875 0.9114936015625 0.60608205625 0.8840670046874999 0.5735615859375 0.8571953734375001 0.5796868796875 0.8059437968750001 0.62188554375 0.787648075 0.67303885 0.8044963609375 0.7309146609375 0.850381771875 0.7457256359375 0.8982038937500001 0.7518389359375 0.9305979921875001 0.7658479796875 0.9681226859375001 0.7947894171875001 0.9865477953124999 0.8134302265625 1 0.6923946953125 1 0.6732389359375001
7 0.6513386984375 1 0.6923617328125 0.8845150421874999 0.7208144437499999 0.811797203125 0.7152172218749999 0.7312407890625 0.6822681578124999 0.678585984375 0.6402561765625 0.6463796515625 0.5876432312500001 0.6048212484375 0.5351707265625001 0.56199924375 0.49287786562499997 0.5323201156249999 0.437736996875 0.5135065562500001 0.367079765625 0.5295670046875001 0.3053676640625 0.5611499984375 0.2695146640625 0.6044456703125001 0.23660411093749997 0.6649058625000001 0.20130607656250002 0.7468472921875 0.20462680937500002 0.8566141 0.2350479546875 0.9320137453124999 0.2844771875 0.974370790625 0.450135365625 1 0.6513386984375 1
7 0.055526978125 0.8104107140625001 0.026548748437500002 0.8354900390625 0.024899790625 0.8403679343749999 0.0276931375 0.93464336875 0.23334083749999998 0.9664594140625 0.21173942812500002 0.932263640625 0.1946918078125 0.8936369390625 0.19369286875 0.8240745734375 0.2089351453125 0.748027596875 0.22754119374999998 0.6853543359375001 0.23192428281250002 0.637189909375 0.21302149843749998 0.6239827921875001 0.199301403125 0.651422728125 0.14986875156249999 0.7208947328125 0.10568448281250001 0.7693281125 0.055526978125 0.8104107140625001
7 0.043447584375 0.198093784375 0.013778862499999999 0.46503659375 0.023282900000000002 0.7857978625 0.04537678125 0.7882750828125 0.07418512656250001 0.7734521125 0.1150282796875 0.746352434375 0.15023797187500001 0.691389265625 0.183148525 0.630929075 0.20321107343749997 0.5813344500000001 0.2134042484375 0.50707698125 0.2037705625 0.4104721203125 0.1692834484375 0.3280167703125 0.11064516875 0.25339293125 0.0654098609375 0.2065492828125 0.043447584375 0.198093784375
7 0.1313427421875 0.0019458187500000002 0.0653566296875 0.0009682468749999999 0.032172624999999996 0.29953964843750003 0.044808206249999996 0.2959057296875 0.09002765625 0.26434179687500003 0.1347963390625 0.24556142187500002 0.1517103125 0.24175155781250002 0.16568862812500001 0.17707700312500002 0.18053224375000002 0.13952825 0.20289393125 0.0954306484375 0.20862252812499998 0.0526157078125 0.17670864375 0.0168303453125 0.13463776875 0.0026095203125 0.1313427421875 0.0019458187500000002