7 0.5414696140624999 0.32036355156249996 0.5682981265625 0.343665596875 0.6010837109375 0.354437996875 0.6235485421875 0.3521203953125 0.6406997062500001 0.3368233375 0.63892579375 0.31487834531250003 0.6235213078124999 0.298460565625 0.598179290625 0.2850389140625 0.5642329515625 0.27805933125000004 0.5371825796875 0.2979611296875 0.5414696140624999 0.32036355156249996
7 0.520436815625 0.2252418859375 0.553528975 0.24888319375 0.5887127171875 0.25528718281249996 0.60856861875 0.2484906203125 0.62806045625 0.22641222968750002 0.6263823515625 0.20848877031250002 0.60216276875 0.18966568749999999 0.57053794375 0.1751004671875 0.5368023749999999 0.17696825624999998 0.518567096875 0.1992753609375 0.520436815625 0.2252418859375
7 0.6893143375 0.276801521875 0.677189421875 0.2930134359375 0.6914714734375 0.31483265 0.72692346875 0.33249693125 0.7394890890625 0.3347840703125 0.7632104843749999 0.3326951828125 0.7765919609374999 0.31671198125 0.7837672734375001 0.30280243906250004 0.782184971875 0.2889005140625 0.757965390625 0.27007742968750004 0.7164988390625 0.26252987031249997 0.6893143375 0.276801521875
7 0.8540853437499999 0.3660530234375 0.8319654140624999 0.3828481453125 0.8424011328125 0.4007639890625 0.8754549718750001 0.4227966828125 0.8980347703125 0.4253049203125 0.9192430375 0.422758603125 0.9328736109375001 0.41723139062500003 0.9311955046874999 0.39930793124999997 0.929613203125 0.38540600468749997 0.9068034734375001 0.3732460859375 0.881499778125 0.36143305 0.8540853437499999 0.3660530234375
7 0.8076167578125 0.5161571796875 0.8287100593750001 0.5087850234375 0.836950321875 0.487061128125 0.8175845390625 0.46191414062499997 0.8023141828125 0.45112650781249997 0.810956828125 0.4462930515625 0.8168564171874999 0.43135048906250006 0.8062865703125001 0.40780449843750005 0.7796496687500001 0.39254551875 0.7544801031249999 0.386362628125 0.7220202578125 0.3892634390625 0.707478025 0.4090394578125 0.712944978125 0.4284533671875 0.7206568015625 0.43706441093750004 0.7333565515625 0.4449816953125 0.7586027609375 0.4543818125 0.738842665625 0.465199909375 0.732866434375 0.47692524531249997 0.7190442499999999 0.4744093921875 0.6963111640624999 0.465466703125 0.6710457937500001 0.4552622796875 0.6410799109374999 0.45781621093749997 0.6238521015625 0.469896040625 0.62162639375 0.481503215625 0.6308630359375 0.501603265625 0.6525120078125 0.517556 0.6777007359375 0.5245431984375 0.7189373546875 0.522439078125 0.7374408875 0.51139226875 0.7433213140625 0.495645396875 0.77993406875 0.5095168609375 0.8076167578125 0.5161571796875
7 0.5302835953125 0.375986490625 0.5019574984374999 0.39485526875 0.506244534375 0.4172576921875 0.5355670109374999 0.44021285624999995 0.560717415625 0.445591440625 0.5819640046875 0.4446537359375 0.6056087515625 0.439347621875 0.615278028125 0.42509119999999995 0.607336271875 0.406828478125 0.5906752234375 0.39018198437499996 0.565314046875 0.3759560265625 0.5302835953125 0.375986490625
7 0.37238939375 0.3128120640625 0.4128293171875 0.329782590625 0.436646515625 0.3317152359375 0.4589963765625 0.3245717921875 0.4736535796875 0.30962161250000003 0.460685575 0.2904440359375 0.43770339375 0.2710453578125 0.409944059375 0.2611878140625 0.38369038125 0.2620149671875 0.3704238703125 0.28282400625 0.37238939375 0.3128120640625
7 0.9243066296875 0.7928578203125001 0.9025426875000001 0.7720792453125 0.8734884671875 0.7603843718750001 0.848453028125 0.7598316265625 0.823532559375 0.764104721875 0.8152348125 0.783415696875 0.8294977031249999 0.8044306015625 0.8422932578125 0.8163694218750001 0.8663212281250001 0.8271494390624999 0.8951455140625001 0.8291926328124999 0.914886446875 0.8175702265625 0.9270496843749999 0.8029669281249999 0.9243066296875 0.7928578203125001
7 0.7460553203125 0.8204747296875 0.746496025 0.83897378125 0.7643753125 0.854240375 0.797333346875 0.8722515359375 0.827452515625 0.8761320578125 0.8472892562500001 0.8685311875 0.8530163937499999 0.8463498656249999 0.8425615140625 0.8276297140625 0.8146488906249999 0.8113377156249999 0.7831390296875 0.8015983359375 0.7594367984375 0.8044915296875 0.7460553203125 0.8204747296875
7 0.8234226453125 0.9170411484375001 0.8301270015625001 0.9358794640625 0.8479679671874999 0.94953744375 0.8657514484375 0.96078250625 0.906930584375 0.9562654640625 0.922595253125 0.9310880125000001 0.9134927390625001 0.9166181078125 0.89054888125 0.8988280453125 0.86159046875 0.89115470625 0.834061065625 0.8909488390625 0.8234226453125 0.9170411484375001
7 0.6575130609375 0.72748003125 0.6503569109375 0.7421938796875 0.6722741390625 0.7694069109375 0.713970625 0.78660615 0.74538468125 0.792323996875 0.7700943796875 0.7792035281249999 0.7771355640625 0.759663840625 0.7642633640625001 0.7445077953125 0.7363507390625 0.7282157953125 0.7098862890625 0.720195578125 0.679805440625 0.7179236703125 0.6575130609375 0.72748003125
7 0.5829896531250001 0.8028065203124999 0.60798676875 0.8017506531249999 0.63142074375 0.7875971640625 0.634788046875 0.7713928671875 0.6092352578125 0.749123840625 0.5625700078125 0.7334226671875 0.52744375 0.729431596875 0.521957634375 0.7092133828125 0.48644815625 0.68913618125 0.448617159375 0.6766446171875 0.41880456875 0.6856330015625 0.411859190625 0.709194225 0.4337764203125 0.736407253125 0.4641638453125 0.7515480671875 0.50300230625 0.753812359375 0.5180044078125 0.7533397 0.531029896875 0.774930196875 0.5653402984375 0.79719160625 0.5829896531250001 0.8028065203124999
7 0.66458955 0.8144556984375001 0.6370409875 0.813445525 0.611074725 0.826337278125 0.6078032296875 0.8465631078125 0.622027796875 0.865969403125 0.6361373968749999 0.8805498546875 0.6626210078125 0.8893743796875 0.7051716734375 0.8899118937500001 0.7223611609375 0.876223446875 0.7115613781250001 0.8430257765625001 0.6998882578125001 0.8256855265624999 0.66458955 0.8144556984375001
7 0.6055966828125 0.8589745890625 0.5653866937500001 0.85165574375 0.54282605625 0.8499518125 0.529617028125 0.8731737703125001 0.536417190625 0.89603361875 0.569471028125 0.9180663140625 0.5933265484375 0.921607571875 0.6257289109374999 0.9162938421875 0.6404244343750001 0.902952275 0.6401178562500001 0.89008336875 0.6184497203125 0.8733263265625 0.6055966828125 0.8589745890625
7 0.4292181109375 0.8076512812500001 0.4259082890625 0.8262685 0.42514991718750006 0.8469517578125 0.46311503906249996 0.8650734671875 0.492111775 0.874355421875 0.523257571875 0.868812975 0.5253874749999999 0.8531842718749999 0.528658971875 0.8329584406249999 0.51574845 0.81619378125 0.4854185078125 0.8034658875 0.45392780781250003 0.7945308125 0.4292181109375 0.8076512812500001
7 0.2911112375 0.7873185921875 0.2815952515625 0.8080094656249999 0.29456325625 0.8271870437500001 0.3275979328125 0.84841543125 0.3552039796875 0.8518385234375 0.37264256093750003 0.8486060656250001 0.38747221249999997 0.840894646875 0.38809645625 0.8145812421875 0.3750901296875 0.7937950484375 0.3508513875 0.7741676578125001 0.36579600624999997 0.7712820781249999 0.3780358890625 0.75989600625 0.386333634375 0.74058503125 0.3683968640625 0.72290551875 0.339246840625 0.7071891109374999 0.3053196609375 0.7010138359375 0.2792575921875 0.7098840562500001 0.2646770375 0.7280514609375001 0.2763501578125 0.7453917125 0.2954860078125 0.7608870203125 0.32204626406250003 0.772928771875 0.30586424375 0.77638994375 0.2911112375 0.7873185921875
7 0.45030635781250006 0.6425168609374999 0.4834751640625 0.66937539375 0.49984879531250004 0.6739572875000001 0.5223711078125 0.67405260625 0.553478584375 0.6669015468749999 0.5543519234375001 0.651044128125 0.5449811546875 0.62531393125 0.4994383390625 0.6042113234375 0.47442206249999996 0.604462884375 0.44843663906250003 0.6165503328125 0.45030635781250006 0.6425168609374999
7 0.3557223109375 0.5059790546875 0.32181429375000004 0.5006080859375001 0.297047109375 0.511315634375 0.29261485781249996 0.535334284375 0.3132372015625 0.5607099843750001 0.352535528125 0.5822776203125 0.3663577140625 0.5847934890625 0.3850911796875 0.5833983578125 0.40991584531249997 0.5751037296875 0.41709115781249995 0.5611941875 0.41284244374999995 0.54040038125 0.39243086875 0.5238720515625 0.3557223109375 0.5059790546875
7 0.1912003984375 0.427183540625 0.199103834375 0.44383765156250005 0.2084554421875 0.4687635421875 0.2625259359375 0.48020685468749996 0.2950049421875 0.478110346875 0.31107199531249996 0.46982333593750003 0.3157150234375 0.45465205937500003 0.2952842875 0.4373194234375 0.267390825 0.42183173125 0.240926375 0.41381151406249994 0.214653534375 0.413834359375 0.1912003984375 0.427183540625
7 0.1466297453125 0.2893383078125 0.1345814734375 0.3087674484375 0.1489018453125 0.3321952734375 0.18690528906249998 0.351925596875 0.21582538125 0.35799032343750004 0.22694282968750001 0.3520056828125 0.2366121046875 0.3377492609375 0.241159325 0.3185564515625 0.22695391874999998 0.29995446718749996 0.1952907703125 0.2837806328125 0.17025533125 0.2832278875 0.1466297453125 0.2893383078125
7 0.23834264218749998 0.20032337656250002 0.23554210000000003 0.18780135 0.2038214671875 0.16921459375 0.1710550453125 0.1592465 0.13737696093750001 0.1635272109375 0.12409128750000001 0.1835319421875 0.143361265625 0.204657396875 0.1701131328125 0.224742215625 0.18780080937500002 0.23196574375 0.200385590625 0.2350571890625 0.22414530625 0.23457691406249997 0.2364235109375 0.224799453125 0.23863005781250002 0.212387975 0.23834264218749998 0.20032337656250002
7 0.34352580312500003 0.6767360078125 0.38497319375 0.683479259375 0.41826805624999996 0.6631124171875 0.410383784375 0.6472626140625 0.3922745640625 0.622344340625 0.3570525 0.6143317374999999 0.3245160109375 0.614015321875 0.30365264375 0.6310391578125001 0.32071607343749997 0.6645760890625 0.34352580312500003 0.6767360078125
7 0.20780599843749997 0.704086121875 0.2360171296875 0.6803915046875 0.241935878125 0.6662532484375 0.2124409546875 0.6360593203125 0.168518759375 0.630467253125 0.13743044531249998 0.6384226187500001 0.12907521718749998 0.655320675 0.128355165625 0.677612546875 0.1550112265625 0.69367583125 0.1865019265625 0.7026109046875 0.20780599843749997 0.704086121875
7 0.138741475 0.7459709953125 0.12541747812499998 0.7643671140625 0.1320260296875 0.779183896875 0.1486870765625 0.7958303890625 0.176446409375 0.8056879359375 0.2016159765625 0.8118708281250001 0.22497330781249997 0.7945001125 0.2384314296875 0.781734140625 0.2304705125 0.7626671109375 0.2075649765625 0.746485659375 0.1673166640625 0.7375582015625 0.138741475 0.7459709953125
7 0.1679056046875 0.6047294421875 0.19585655 0.6226300546875 0.2297454078125 0.627196715625 0.2572364875 0.6257939703125001 0.27800405 0.6047486 0.257209253125 0.5721341390625 0.22560358906250003 0.558373225 0.184252003125 0.55565150625 0.1581516140625 0.5629131140625 0.15488011562499998 0.5831389437500001 0.1679056046875 0.6047294421875
7 0.110788490625 0.46540137656249997 0.10604965625 0.4765511203125 0.1063945578125 0.4910286390625 0.11412554374999999 0.5004439890625 0.1131372375 0.5114755671875 0.152435565625 0.5330432171874999 0.1924731046875 0.5331233046875 0.219791734375 0.524481796875 0.2155430171875 0.5036879890625 0.18623970625 0.48153713125 0.1607635609375 0.4624853328125 0.126913028125 0.459527284375 0.110788490625 0.46540137656249997