7 0.6515548828125 0.42156735 0.6225672703125 0.343600303125 0.56499813125 0.2630204421875 0.4853805953125 0.19149811562500002 0.416699884375 0.1624249390625 0.390325190625 0.14804293125 0.288233209375 0.11885827812500001 0.2346899625 0.12533594374999998 0.1945516671875 0.168852078125 0.1515483140625 0.23539973125000002 0.12524102343750002 0.28267418437499997 0.1146229140625 0.3625571796875 0.14235232656250002 0.43173028281250003 0.18208370625 0.460152178125 0.2446764796875 0.482932746875 0.354346765625 0.5492217625 0.41302930781249997 0.5695998390625 0.49139863281249996 0.5780110359374999 0.5410899 0.5378122656250001 0.6515548828125 0.42156735
7 0.22331543437499998 0.46506863750000005 0.18281931875 0.4562291140625 0.06550249062499999 0.4384715328125 0.0292414734375 0.438622103125 0.056223975 0.8433596265625001 0.16058451875 0.9081441828125 0.220031803125 0.9089398921875 0.27567536875 0.8990130687500001 0.356328921875 0.9029943453125 0.40895265 0.9014205109375 0.4448611765625 0.8804619953125 0.46298020156249997 0.8303440890625 0.4592156 0.7496450671875 0.42671469218749997 0.651654690625 0.34896531249999996 0.554665396875 0.27687781875 0.497248853125 0.22331543437499998 0.46506863750000005
7 0.1694543125 0.201921896875 0.1545781390625 0.1727295609375 0.0999414578125 0.13077463281249999 0.08756618125 0.127553471875 0.0459872296875 0.3492964953125 0.11189349062500001 0.3616093609375 0.1174879703125 0.3395256578125 0.1255797046875 0.29637195781250003 0.1417823125 0.248722440625 0.1694543125 0.201921896875
7 0.10662770625 0.4517080328125 0.160693534375 0.4579473734375 0.15998705 0.4462111328125 0.144375259375 0.4209418578125 0.12695356875 0.3898209359375 0.10152751874999999 0.354875796875 0.0462791578125 0.3477396234375 0.0292405140625 0.43860771718749997 0.0298095359375 0.4471430359375 0.04946465 0.446482403125 0.10662770625 0.4517080328125
7 0.10935718593749999 0.011340745312500001 0.08835018125 0.12337235312499999 0.09248880937500001 0.124008115625 0.1359273734375 0.1171553859375 0.169580796875 0.084967484375 0.2013410859375 0.020879815625 0.10935718593749999 0.011340745312500001
7 0.515297709375 0.2102441421875 0.5441405296874999 0.2192154625 0.578790859375 0.189463 0.6210003515625 0.1581570234375 0.6578866421875 0.1009760640625 0.6595148984375 0.0922924796875 0.5613922812500001 0.058218459374999997 0.20906170156249998 0.0216804734375 0.20481195937500002 0.036613421875 0.187641575 0.0661681921875 0.172126315625 0.08689606718750001 0.17091638125 0.1011007 0.2016465 0.12326293749999999 0.22009422031249998 0.1411599921875 0.2387840953125 0.12675767031250001 0.2758443015625 0.122913134375 0.322902678125 0.12776369999999998 0.3828725421875 0.1412764171875 0.458822003125 0.178096875 0.515297709375 0.2102441421875
7 1 0.2105292 0.8474420640625 0.1575519921875 0.7388297734375 0.24294879531250002 0.7351708515625 0.3012219953125 0.7236914750000001 0.3546902109375 0.749533596875 0.4106723953125 0.8092613078124999 0.456484490625 0.9210027937499999 0.53498365625 1 0.5860840640625 1 0.2105292
7 0.6754856124999999 0.09783846406249999 0.666704003125 0.10821649062500001 0.627456096875 0.16248809687500002 0.5850627015625001 0.19477484218750002 0.5491541765625 0.215733359375 0.555106475 0.24600530781250002 0.5995028328124999 0.3115645125 0.654429928125 0.3442186375 0.7175261484375001 0.3410583328125 0.7347256578125 0.29584425625 0.7425561015625 0.246332053125 0.7585456796875001 0.21532260937499997 0.79083439375 0.1826607984375 0.832717178125 0.152438634375 0.6754856124999999 0.09783846406249999
7 1 0.57064975625 0.881010121875 0.5002032562500001 0.8029894687500001 0.451172646875 0.71561888125 0.4365017921875 0.6577684765625 0.4581978015625 0.621830825 0.4948156234375 0.5754980765625 0.5403591859375 0.52780061875 0.5854288328125 0.4945923890625 0.622994471875 0.47282442500000005 0.6770683921875 0.488426225 0.7566548531249999 0.5210627734375 0.8306658875 0.5670368703124999 0.8800589296875 0.6316717140625 0.9307089546875 0.719506634375 0.9894154328125 0.7707046359375 1 0.9218081249999999 1 0.9732079546874999 0.9542495484375 0.9859309703125 0.9397228515625 1 0.8646918781249999 1 0.57064975625
7 0.7632037390625 1 0.720977859375 0.9815693046874999 0.6535844703125 0.945630765625 0.601541571875 0.9286029984375 0.5867619265624999 0.9454078109375 0.6161273296875 0.9670961406249999 0.650600403125 1 0.7632037390625 1
7 0.6202030078125 1 0.5935272296874999 0.9790959687499999 0.5403326500000001 0.9449542203125001 0.4601825375 0.9150321281249999 0.3553320140625 0.90055890625 0.2651737578125 0.9162588453125 0.21282996875000001 0.9439311125 0.3742909828125 1 0.6202030078125 1