7 0.0711907390625 0.696969696875 0.09689850625 0.722002634375 0.13644891718750002 0.739130434375 0.17995436874999998 0.7470355734374999 0.1997295734375 0.739130434375 0.22939238281250002 0.700922265625 0.2551001484375 0.6745718046875 0.2887179984375 0.6469038203124999 0.3065156828125 0.6218708828125 0.29069551875 0.5902503296875 0.245212546875 0.5625823453125001 0.1937970125 0.5533596843749999 0.128538834375 0.56389986875 0.0830558625 0.5981554671875 0.065258178125 0.6521739125 0.0711907390625 0.696969696875
7 0.286740478125 0.650856390625 0.2610327109375 0.6719367593750001 0.23532494375000002 0.7022397890625001 0.217527259375 0.739130434375 0.22741486093750002 0.777338603125 0.2649877515625 0.7957839265625 0.286740478125 0.80895915625 0.3302459296875 0.8142292484375 0.3757289015625 0.8115942031250001 0.411324271875 0.80105401875 0.446919640625 0.760210803125 0.4647173265625 0.718050065625 0.4785599703125 0.689064559375 0.4686723671875 0.66534914375 0.42714443593749996 0.6469038203124999 0.3816614640625 0.6350461140625 0.31047072343750004 0.63109354375 0.286740478125 0.650856390625
7 0.4785599703125 0.70750988125 0.4686723671875 0.735177865625 0.44098707968750006 0.7747035578125 0.4350545171875 0.8076416343749999 0.43703203906250004 0.8405797093749999 0.49833517499999996 0.8669301718750001 0.5517282296875 0.8695652171875 0.6150088859375 0.86034255625 0.6565368171875 0.8313570484374999 0.674334503125 0.7865612640624999 0.6664244203125 0.7444005265625 0.64467169375 0.7127799734375 0.5734809546874999 0.68247694375 0.5102002984375 0.68247694375 0.4785599703125 0.70750988125
7 0.5260204625 0.64031620625 0.5378855859375 0.662714096875 0.56754839375 0.675889328125 0.6110538453125 0.6930171281249999 0.6367616125 0.7061923578125 0.6624693796875001 0.7154150203125 0.686199625 0.7127799734375 0.7217949953125 0.696969696875 0.7593678859375 0.6693017125 0.779143090625 0.633728590625 0.765300446875 0.5968379453125 0.7138849125 0.5678524375 0.6624693796875001 0.5388669296875 0.626874009375 0.536231884375 0.5932561609375 0.5533596843749999 0.55370575 0.575757575 0.5200879015625001 0.6231884062499999 0.5260204625 0.64031620625
7 0.3065156828125 0.6113306984375 0.3262908890625 0.633728590625 0.3618862578125 0.6324110671875001 0.4093467515625 0.633728590625 0.44494212031249997 0.6455862984375 0.47064988750000003 0.641633728125 0.51217781875 0.616600790625 0.5378855859375 0.574440053125 0.529975503125 0.5322793156250001 0.48251501093750004 0.5072463765624999 0.43900955937499997 0.49143610000000004 0.40341418906250004 0.49011857656249996 0.3440885734375 0.5098814234375 0.31047072343750004 0.5375494078124999 0.2926730390625 0.5731225296875 0.3065156828125 0.6113306984375
7 0.24916758749999998 0.4993412390625 0.308493203125 0.5204216078125 0.3480436140625 0.50461133125 0.39945914843749997 0.4861660078125 0.42714443593749996 0.476943346875 0.446919640625 0.4492753625 0.4429646 0.40843214687499996 0.4488971609375 0.38208168593749997 0.41725683281250003 0.355731225 0.37770642187500003 0.355731225 0.3164032859375 0.358366271875 0.2748753546875 0.37417654843750003 0.245212546875 0.41106719375 0.22939238281250002 0.4650856390625 0.24916758749999998 0.4993412390625
7 0.4647173265625 0.40843214687499996 0.4508746828125 0.45322793125 0.43703203906250004 0.4888010546875 0.480537490625 0.494071146875 0.5141553390625 0.5138339921874999 0.53986310625 0.544137021875 0.5655708734375 0.5428195 0.6011662421875 0.5349143609375 0.6367616125 0.5217391296875 0.6506042562500001 0.494071146875 0.6585143375 0.46113307031249995 0.6644469 0.42687747031249995 0.632806571875 0.3992094859375 0.5813910375 0.372859025 0.5279979828125 0.3675889328125 0.4647173265625 0.3807641640625 0.4647173265625 0.40843214687499996
7 0.3816614640625 0.349143609375 0.40341418906250004 0.349143609375 0.433076996875 0.3636363640625 0.4508746828125 0.383399209375 0.466694846875 0.37681159375 0.5062452578125 0.3715415015625 0.543818146875 0.3570487484375 0.55370575 0.3399209484375 0.55370575 0.3056653484375 0.5517282296875 0.2635046109375 0.529975503125 0.24637681093750002 0.508222778125 0.23188405781250002 0.46273980468750003 0.21607378124999999 0.4212118734375 0.22529644218749997 0.387594025 0.25164690312500004 0.3717738609375 0.285902503125 0.3717738609375 0.33596837968750004 0.3816614640625 0.349143609375
7 0.55370575 0.31225296406249997 0.55370575 0.35309617968749996 0.5813910375 0.3675889328125 0.6209414484375 0.3886693015625 0.6347840921875 0.39657444062499997 0.6624693796875001 0.400527009375 0.688177146875 0.4018445328125 0.7316825984374999 0.39789196250000003 0.7554128437500001 0.38471673281249996 0.76134540625 0.3675889328125 0.765300446875 0.345191040625 0.7633229265625 0.3135704875 0.7830981312499999 0.2938076421875 0.7534353234375 0.27536231875 0.723772515625 0.2595520421875 0.67828954375 0.2450592890625 0.6070988046875 0.247694334375 0.549750709375 0.264822134375 0.55370575 0.31225296406249997
7 0.76134540625 0.349143609375 0.7494802828125 0.3807641640625 0.765300446875 0.4031620546875 0.8226485421874999 0.424242425 0.86615399375 0.4374176546875 0.9136144875 0.42160737812500004 0.9571199390625 0.3992094859375 0.9749176234375 0.3715415015625 0.97689514375 0.34650856406249997 0.95514241875 0.316205534375 0.909659446875 0.2872200265625 0.8562663921875 0.29249011875 0.779143090625 0.306982871875 0.76134540625 0.349143609375
7 0.6624693796875001 0.46903820781250005 0.6525817765624999 0.501976284375 0.674334503125 0.536231884375 0.72772755625 0.5586297765625 0.7949632546875 0.5559947296875001 0.8523113499999999 0.5322793156250001 0.8839516796875 0.5032938078125 0.8879067203125001 0.4822134390625 0.87208655625 0.455862978125 0.8226485421874999 0.43214756249999997 0.7593678859375 0.4097496703125 0.7257500359375 0.4097496703125 0.67235698125 0.43346508593750005 0.6624693796875001 0.46903820781250005