7 0.446557021875 0.7962989 0.424621009375 0.7721525437500001 0.393135796875 0.760759125 0.3689989 0.76287624375 0.3469962796875 0.7783341125 0.3430545578125 0.8008083578124999 0.3548469765625 0.8177814187499999 0.3778374265625 0.8318013078125001 0.41154045781250004 0.839327040625 0.4451260796875 0.8192696296875001 0.446557021875 0.7962989
7 0.4434445078125 0.8938656671875 0.4150390625 0.8693012828125 0.379888159375 0.86235049375 0.3572996125 0.8690800234375 0.3310538421875 0.8914500734375 0.3280745484375 0.9098083921875 0.3484622109375 0.9293423375 0.3777296046875 0.9446034390625 0.413549978125 0.943074134375 0.438540359375 0.9204558390625 0.4434445078125 0.8938656671875
7 0.28022693906249996 0.8391983515625 0.2972080015625 0.8227475140625 0.288018371875 0.8002603984375 0.25556226406250004 0.7817850125 0.24300837031250003 0.7793025890624999 0.217616084375 0.7811714640625 0.1993796296875 0.7973740578124999 0.1881900671875 0.8115251265625 0.1861732046875 0.82576751875 0.2065608625 0.8453014624999999 0.2479887171875 0.853493465625 0.28022693906249996 0.8391983515625
7 0.1312702375 0.7460111125 0.1588718734375 0.7290766578125 0.15267846875 0.7106270109375 0.123888053125 0.6877089984375 0.100906071875 0.68488700625 0.0780245671875 0.687252365625 0.0622904234375 0.6927535515625001 0.05931113125 0.711111871875 0.05729426562499999 0.7253542640624999 0.07796642031249999 0.7380544828125 0.1013418421875 0.7504280015625 0.1312702375 0.7460111125
7 0.2195979609375 0.5929501140625 0.1955615421875 0.6002545875 0.181191734375 0.6223892625 0.194825465625 0.6483389046875 0.207965284375 0.65954966875 0.1976376734375 0.664397453125 0.1875110125 0.679619946875 0.19235701875 0.7038318921875 0.2162178859375 0.7197463953125001 0.24094070625000003 0.7263576140625 0.2756981734375 0.72375688125 0.29615244375 0.7036866015625 0.29555805468749996 0.6837603671875 0.2897580875 0.674862246875 0.27855159218750003 0.666617521875 0.2545987140625 0.6567135609375 0.2781496875 0.64586810625 0.2875064046875 0.6339383515625 0.30131569062499997 0.6366690187499999 0.32275778593750004 0.646076496875 0.346518178125 0.65680364375 0.37857238125000003 0.654529609375 0.3998050609375 0.6423644828125 0.4052031234375 0.6305131875 0.400842565625 0.6098422265625 0.3823882265625 0.5932743265625 0.35785789375 0.58583991875 0.3141202125 0.5875261390625 0.2918246296875 0.598619840625 0.2815054859375 0.6146655203125 0.24683155937499998 0.6000578187500001 0.2195979609375 0.5929501140625
7 0.47296987812499997 0.739511978125 0.5076184046875001 0.720525996875 0.5090493484375 0.6975552609375 0.4844100703125 0.6737356078125 0.45949476562499997 0.6679475734375 0.43699823125000004 0.6686665656249999 0.41083600468750003 0.67382818125 0.3969431765625 0.688305946875 0.40043331562500006 0.70708229375 0.413481125 0.724303596875 0.4362790875 0.739146671875 0.47296987812499997 0.739511978125
7 0.6216166859375 0.8059392609374999 0.5837540484375 0.788117278125 0.5593241921875001 0.785870225 0.5340323828125 0.79292645625 0.5147330265625001 0.808057621875 0.5232447234375 0.8278269390625 0.5421845078125 0.8479358250000001 0.5686481640625 0.858336271875 0.5963587421875001 0.8577870687500001 0.615750109375 0.8366453609375 0.6216166859375 0.8059392609374999
7 0.1705265859375 0.30850864843750003 0.187826009375 0.33001566250000003 0.21516008437499998 0.3423107234375 0.241230303125 0.3431596453125 0.2684554328125 0.33906945624999996 0.28224778437500003 0.3194043359375 0.27286566875 0.29774040625 0.2626216 0.28537975625 0.24030908437499998 0.2740776671875 0.21066518437499998 0.27166083125 0.18692172812500002 0.283329471875 0.17032563437499998 0.2981339390625 0.1705265859375 0.30850864843750003
7 0.364483703125 0.2822684234375 0.368910871875 0.2633351609375 0.354222703125 0.24751198593749998 0.324469859375 0.22870990156249998 0.29395554062499996 0.2243984515625 0.2711745109375 0.231951165625 0.25931548125 0.25458232812500003 0.2653163984375 0.2738551609375 0.2902401703125 0.29084109062499997 0.3206624796875 0.3011630796875 0.34624725 0.2984710203125 0.364483703125 0.2822684234375
7 0.3089863484375 0.182585784375 0.30694408281249996 0.16323449375000001 0.2918709453125 0.14905769062500002 0.2762203453125 0.137350440625 0.23190520781249999 0.14150621875 0.2088481484375 0.167090553125 0.21455610625000002 0.18199921562500002 0.2338808625 0.20046173281250002 0.262177365625 0.20864086406250001 0.290950846875 0.20916308906249997 0.3089863484375 0.182585784375
7 0.4326269640625 0.37842295 0.4440090125 0.3634486984375 0.42824947187499995 0.3353562 0.389131446875 0.3172859734375 0.357746709375 0.3110799109375 0.3284042359375 0.3242251375 0.3158672734375 0.344138503125 0.3253413984375 0.35979189218749996 0.35026517031250004 0.3767778234375 0.3758584078125 0.38528365781249996 0.4067576984375 0.3879487359375 0.4326269640625 0.37842295
7 0.530571621875 0.30219216875 0.5041164328125001 0.302989615625 0.47583686406250003 0.317206271875 0.46802849843749994 0.3337484359375 0.48890160624999995 0.3568233625 0.533618646875 0.3734170046875 0.5693470109375001 0.3778982390625 0.569748915625 0.39864765625 0.6016275656250001 0.4195925984375 0.6379418515624999 0.43280216875 0.671535940625 0.42394265468750003 0.68503533125 0.3999133625 0.669275790625 0.371820865625 0.6414562687500001 0.355984821875 0.60138428125 0.3532284140625 0.585549665625 0.353542246875 0.5776154250000001 0.3313033734375 0.5475696203125 0.30813712031249996 0.530571621875 0.30219216875
7 0.44820136093749996 0.28934914843750004 0.476782359375 0.29069455624999996 0.507380221875 0.2777975703125 0.516151015625 0.2571394796875 0.506383928125 0.23712191875 0.49546192656250004 0.222043471875 0.470061175 0.21271445312499998 0.4256455625 0.2116828765625 0.40402791093749996 0.22549437343749998 0.406564090625 0.2595845421875 0.4142053703125 0.2774592453125 0.44820136093749996 0.28934914843750004
7 0.5217415640625 0.24446500000000002 0.561914028125 0.252408759375 0.5850884953125 0.2544075671875 0.6050573171875 0.23079630468749998 0.603977484375 0.20732908593750002 0.5751870671875 0.184411075 0.5511421796875 0.1805176546875 0.51580725625 0.18558794218750002 0.4968928703125 0.1990727390625 0.4938131 0.21224370625 0.5120749515624999 0.22963479375 0.5217415640625 0.24446500000000002
7 0.692876440625 0.2989753984375 0.7012622625 0.2799636765625 0.707522278125 0.2588090984375 0.672555390625 0.2398372296875 0.644643859375 0.2300117265625 0.6105643234375 0.2353302578125 0.604203834375 0.2512974796875 0.5954330390625 0.271955571875 0.6045221953125 0.2892553328125 0.632919171875 0.3026218203125 0.6635339671875 0.31212062500000004 0.692876440625 0.2989753984375
7 0.8321242015625 0.321342959375 0.8475569125 0.300279709375 0.8390452140625 0.28051039375000003 0.8100623109375 0.25841556718750003 0.782058771875 0.25460060156250003 0.7629434359375 0.2577106890625 0.745376446875 0.2654331890625 0.7377690359375 0.29235006406249997 0.7458957609375 0.31376575 0.766090934375 0.3341228796875 0.7496788624999999 0.3369062671875 0.7338527125 0.34841799375 0.7200603625 0.3680831140625 0.7341710734375 0.386375846875 0.76054271875 0.4027868328125 0.7944382359375 0.40948938124999995 0.824073671875 0.40070832031250003 0.8441429703125 0.3822844125 0.836501690625 0.364409709375 0.82055813125 0.348338290625 0.795927321875 0.33571653125 0.8137872703125 0.3323582015625 0.8321242015625 0.321342959375
7 0.62715419375 0.4677026546875 0.599518690625 0.43984553125000003 0.5835835984375 0.4349720078125 0.5600241609375 0.43461956874999996 0.525559653125 0.441584471875 0.5204545515625 0.4577999359375 0.5234677109375 0.48423319375 0.5655819625 0.506340890625 0.5918446687500001 0.506366628125 0.62225004375 0.494292828125 0.62715419375 0.4677026546875
7 0.690117275 0.6084789734375 0.7242052765625 0.6143583359375 0.75297029375 0.603682665625 0.763958903125 0.5791568875 0.7490697828124999 0.552959003125 0.7136174453125 0.530446165625 0.6998081640625 0.52771548125 0.679822409375 0.5289309578125 0.6516348484375001 0.5371370734375 0.6404452859374999 0.5512881390625 0.639399315625 0.5726125 0.6564057765625 0.5897553453125 0.690117275 0.6084789734375
7 0.8415762906250001 0.6909648046875 0.8377011796874999 0.6738348281250001 0.8344955359374999 0.6482247546875 0.7808987562499999 0.6359039578125001 0.746333775 0.6376815062500001 0.7273189125 0.6459789484375 0.7184476421875 0.661449684375 0.735261621875 0.679415715625 0.760377875 0.6955784609375 0.785971115625 0.70408429375 0.8134892078125 0.7043582749999999 0.8415762906250001 0.6909648046875
7 0.8518214796875 0.832512834375 0.8695724859375 0.812769253125 0.8607678249999999 0.7886357671875001 0.8261859093749999 0.7680175265625 0.7975044375 0.7614847625000001 0.7842810765625 0.767482434375 0.7703882484375 0.7819602031249999 0.7605545515625 0.8015468640625001 0.7705141249999999 0.8207412390625001 0.7993965484375 0.8376487109375 0.8254667671875 0.8384976343749999 0.8518214796875 0.832512834375
7 0.7322591703125 0.9225551109374999 0.7318826671875 0.9353993765625 0.760187634375 0.9547764031250001 0.7918653328125 0.9653466359375 0.8282631609375001 0.9613477734375 0.8474620421875001 0.9410292515625001 0.8328658828125001 0.9191955359374999 0.81015993125 0.8983419234375001 0.793546903125 0.8907506 0.7811854968749999 0.8874449906249999 0.7561781812499999 0.8876674953125001 0.740737003125 0.8975328515625 0.7351464546875001 0.91020733125 0.7322591703125 0.9225551109374999
7 0.748014225 0.4338980921875 0.706393884375 0.42652927343749997 0.6661463453125 0.4469918421875 0.670213940625 0.46329863437499996 0.6825922828125 0.4890000328125 0.7173582171875 0.49759719531249996 0.7513457453125 0.49828920156249995 0.7776919921875 0.4811065046875 0.768686378125 0.4465983109375 0.748014225 0.4338980921875
7 0.949897115625 0.4186988453125 0.9192823203125 0.40920004375 0.8973632421875 0.40744947812500004 0.861559803125 0.431374571875 0.8516256296875 0.4457738796875 0.874532534375 0.47700220312499997 0.9190486234374999 0.483221134375 0.9537056171874999 0.47543304375 0.9669205125 0.45823748125 0.9694404640625001 0.4495907640625 0.970642065625 0.43336915625000005 0.949897115625 0.4186988453125
7 0.903279496875 0.31474336406250003 0.8858129874999999 0.327653215625 0.889110640625 0.34725275 0.9088203671875 0.36406889531250003 0.9486078609374999 0.373659025 0.9755799359375 0.3667079078125 0.9795805812499999 0.312699184375 0.9570518265624999 0.3038451875 0.93232900625 0.2972339671875 0.903279496875 0.31474336406250003
7 0.9128890859375 0.509563065625 0.8883502859375 0.4909307640625 0.8540697984375001 0.48587458906250003 0.82491134375 0.4869987359375 0.7976026703125 0.508297359375 0.810759421875 0.5419039125 0.840219303125 0.556341828125 0.8828020703125 0.55959471875 0.9120525328125 0.5524600296875 0.9208233265624999 0.5318019375 0.9128890859375 0.509563065625
7 0.9358806562499999 0.652770334375 0.9437894984374999 0.6414155234375001 0.9472542390625 0.6265981859374999 0.9416467578125 0.6168768796874999 0.9455969453125 0.6056005250000001 0.9101446109375001 0.5830876734375 0.8682397749999999 0.5825525796875 0.837348953125 0.591085396875 0.83630298125 0.6124097578125001 0.861134740625 0.635406228125 0.8827777921875001 0.655188415625 0.9174432515625 0.6585982203125 0.9358806562499999 0.652770334375