7 0.4993191828125 0 0.5048704374999999 0.055101946874999995 0.5301163796874999 0.1090403203125 0.57392556875 0.1510323703125 0.6133779796875001 0.1591860046875 0.635709821875 0.13223575 0.6562981859375 0.0870837515625 0.6777582890625 0.051032625 0.7111104453125 0.007146106250000001 0.7119692468750001 0 0.4993191828125 0
7 0.680950196875 0.0571819625 0.6551390625 0.0943924875 0.6394803328124999 0.12889775 0.6246914265625 0.16083795 0.6499411984375 0.2381081953125 0.676346265625 0.2847378328125 0.708842009375 0.3250779390625 0.737850796875 0.329014565625 0.7656947093750001 0.305262115625 0.8068810187500001 0.27328780468749997 0.8413922984375001 0.22209255 0.842545675 0.17978600625000002 0.8320943875 0.128905246875 0.8135215609375 0.08252188125 0.7926323984375 0.062421925 0.7612976953125 0.026439018749999998 0.7163351296875 0.026753515625 0.680950196875 0.0571819625
7 0.739887409375 0.36580451406250003 0.75846406875 0.4355197515625 0.8127207140625 0.5050606859375 0.8539146859375 0.5197501250000001 0.9026477625 0.51609763125 0.9467347578125 0.4833503921875 0.9664513859375001 0.429097525 0.9580271296875 0.356677028125 0.9394523843749999 0.298627725 0.8924493734375 0.2388204 0.855610265625 0.2463034390625 0.8210932375000001 0.26250088125 0.78571021875 0.304595265625 0.75815560625 0.323604046875 0.739887409375 0.36580451406250003
7 0.7494707890625001 0.43091627499999996 0.72625954375 0.40210191406250007 0.69812058125 0.39560022031250003 0.6775245515625 0.39408846875000003 0.6351810343750001 0.44503744999999995 0.6221356046875 0.4951793890625 0.6131499890625001 0.5372396625 0.626500046875 0.575681553125 0.6735011421875 0.623822940625 0.7205022375000001 0.6719643296875 0.7651755015624999 0.676393503125 0.798529571875 0.6441729203125 0.8179568953125 0.594663721875 0.8249116484375 0.5508113109375 0.8208460875 0.523895165625 0.8031469140624999 0.49827860937499996 0.7810967093750001 0.47382145 0.7494707890625001 0.43091627499999996
7 0.60177523125 0.16227773125 0.555651621875 0.1582350234375 0.52171703125 0.18827700625 0.5011286687500001 0.23342900156250002 0.49678913125 0.3045840234375 0.5086888468749999 0.343412378125 0.538864425 0.38670401718749997 0.580353446875 0.43164759999999996 0.6290865234374999 0.42799510625000003 0.6679507499999999 0.38730639375 0.6833163453125 0.3342129203125 0.6801206078125 0.304731709375 0.6566181453125 0.2689950765625 0.64123530625 0.217095115625 0.6322362781249999 0.177493828125 0.60177523125 0.16227773125
7 0.4181467890625 0.1202099625 0.36332686875000003 0.153483859375 0.3314250578125 0.1969839140625 0.3262118671875 0.24737212656250002 0.3413073203125 0.31568169375 0.3529177328125 0.35925371875 0.39121293437500004 0.3863820265625 0.41847824375 0.37211691406249997 0.4645999359375 0.36449368125000003 0.48925194375 0.3345918921875 0.4912770609375 0.301386215625 0.49648833437500006 0.23933206718750002 0.5022820453125 0.19112245625 0.46166092968749994 0.13194786875 0.4181467890625 0.1202099625
7 0.4701120078125 0.3676914875 0.4248639703125 0.396081525 0.39440675468749997 0.404197303125 0.3984799796875 0.477777196875 0.4199554109375 0.535053565625 0.46405581875 0.5839678859374999 0.503801365625 0.6107097265625 0.5397687359375001 0.5941258203124999 0.57370524375 0.575749775 0.6000988125 0.5523837890625 0.6041528765625 0.5093043125000001 0.6024055671874999 0.467770696875 0.5963091421875 0.43906241718750005 0.5554044734375 0.41962930781249996 0.52378046875 0.388390071875 0.5052076390625 0.34200670781250003 0.4701120078125 0.3676914875
7 0.3662639609375 0.37436373437500003 0.3416023703125 0.3459358375 0.33521664375000004 0.321971225 0.3178106046875 0.3149428734375 0.2626975484375 0.329628565625 0.2296327796875 0.35710548124999997 0.2104947609375 0.40187101406250003 0.21253328906250002 0.4503268953125 0.243289384375 0.49579713906249995 0.26562889218749997 0.5155106296875 0.2908690859375 0.534451190625 0.3378606015625 0.52426289375 0.3755695328125 0.5142147890625 0.39152139531249996 0.4982977296875 0.3964452828125 0.452653184375 0.390636246875 0.4075353 0.3932438 0.38817416250000003 0.3662639609375 0.37436373437500003
7 0.44896994531249995 0.573988003125 0.4141540375 0.5365994265625 0.39007296875 0.5103501328125 0.34511231875 0.5223305640625 0.2917389078125 0.531886125 0.289719540625 0.6000896109375 0.3077175953125 0.679292184375 0.33702335 0.7251488921875 0.36313528125 0.753190321875 0.3921479015625 0.7804588234375001 0.40809784843749997 0.7528758265625 0.4434866140625 0.7457792546875 0.46698141406250004 0.7348521375 0.48409431875 0.72329228125 0.49163150624999996 0.6932844125 0.483211084375 0.6441957875 0.4742139734375 0.6162604390624999 0.461735653125 0.58691941875 0.44896994531249995 0.573988003125
7 0.5477049546874999 0.953955425 0.5592612031249999 0.9412584828125 0.5711455890625 0.8867593421875 0.5746172171875 0.829835325 0.5473423265624999 0.78577075625 0.5073017328125 0.7287747687499999 0.4780017265625 0.717915875 0.4466766046875 0.74026265625 0.40549029531249997 0.7722369640625 0.412176821875 0.8614535343749999 0.42204950312499995 0.9218216281249999 0.466200078125 0.9624077828125 0.5477049546874999 0.953955425
7 0.5029430390625 0.6832704171875 0.5128118890625 0.7203066375 0.5560443875 0.7834519625 0.596663590625 0.8309606125 0.6303146265625 0.840660109375 0.65235908125 0.8301194593749999 0.6749783093749999 0.7867595953125 0.6842493968750001 0.7166237796875 0.66741238125 0.641778409375 0.627082484375 0.5895260906249999 0.582987825 0.5756095828125 0.5496318375 0.5961642281249999 0.5133751640625001 0.6174918046875 0.5029430390625 0.6832704171875