7 0.4273005625 0 0.35304314375 0.016182660937500003 0.2992652578125 0.029344154687500002 0.2573733734375 0.0605538890625 0.242948865625 0.08218721875 0.2593433453125 0.1299562640625 0.27441899531249997 0.164654225 0.283267378125 0.2448700390625 0.3434245640625 0.26500799062499997 0.418554940625 0.2739384734375 0.47849397656250003 0.28193876093750003 0.540141875 0.2744552921875 0.5860497453125 0.25561576874999997 0.621281371875 0.22573025625 0.6517797484375001 0.19382287812500001 0.670058284375 0.1654973625 0.6745766875 0.13546326875 0.6707821625 0.11531241875 0.66098844375 0.0930621859375 0.595278290625 0.0353452765625 0.5220220421875 0.0100751359375 0.43668897968750003 0 0.4273005625 0
7 0 0.3210108078125 0.0372707359375 0.338059940625 0.08367109843750001 0.3365710109375 0.1137794421875 0.33321847031249996 0.1981085875 0.30114316093750004 0.2606423234375 0.262537146875 0.2835450296875 0.23016466875 0.28883357656249997 0.202775796875 0.276732734375 0.15267159531250002 0.256484228125 0.111594734375 0.227757521875 0.08125702500000001 0.18675478125 0.061425914062499996 0.1237351734375 0.0428447328125 0.055043595312500006 0.040370665625 0.0429890203125 0.043096628125 0 0.27125713125 0 0.3210108078125
7 0.156917421875 0.42159605312500004 0.1805803453125 0.45162369843750005 0.1908136734375 0.478230959375 0.19235396093749998 0.48352140468749993 0.22851438124999998 0.495261815625 0.2903242375 0.5068407453125 0.392313809375 0.522611996875 0.4304574328125 0.5240815796875 0.4547318515625 0.5177737484375 0.5303117640624999 0.47130635937500004 0.5745206953124999 0.40819569375000003 0.6056801421875 0.372864703125 0.6067312453125 0.3408862546875 0.56253885625 0.30440542187499997 0.44442253125000003 0.285914653125 0.3467265984375 0.267808246875 0.30390591875 0.2573920609375 0.26504503437500004 0.2662708203125 0.219742040625 0.28861146875 0.169375265625 0.31064205 0.13882069531250002 0.3494741640625 0.124558146875 0.3901698921875 0.156917421875 0.42159605312500004
7 0.1336643296875 0.575190134375 0.105644959375 0.59425898125 0.08544271718749999 0.6060122890625 0.07102151875 0.6077273171875001 0.0663378484375 0.6386173125 0.0593966296875 0.6745652093750001 0.0449721203125 0.6961985390625001 0.03732025625 0.702658175 0.0860839375 0.72209848125 0.1373795046875 0.74169381875 0.179757265625 0.767671278125 0.20683460937499998 0.7866497109374999 0.241011821875 0.808660946875 0.2663307265625 0.8102112703125 0.291210021875 0.807404565625 0.30596175468750003 0.8039777328125 0.3575382828125 0.7889494015625 0.4025669359375 0.7613958249999999 0.459210553125 0.72675925625 0.49422402656250003 0.6847360828125 0.502375 0.6557904375 0.49148391093750005 0.6126884859375 0.46870351406250005 0.57145659375 0.4418476296875 0.544697525 0.407614225 0.529611021875 0.22955886718750002 0.50311996875 0.1957617640625 0.5123087921875 0.1802365765625 0.5330087046875 0.159921953125 0.5586114796875 0.1336643296875 0.575190134375
7 0 0.5783929015625 0.0240195875 0.585796821875 0.0462546078125 0.5966845546874999 0.0656834 0.602204309375 0.10718855625000001 0.5796311281250001 0.1469881609375 0.5526233875 0.1761643984375 0.527563225 0.191084709375 0.5033621890625 0.192519228125 0.48266550312499995 0.1837171140625 0.45527985624999995 0.166823525 0.42999681875 0.1432167921875 0.3930444375 0.1183408046875 0.3759328421875 0.0857038796875 0.35921205 0.0070533171875 0.3353436484375 0 0.334209359375 0 0.5783929015625
7 0 0.7271055671875 0.01045775625 0.7157357046875 0.033909146875000004 0.6937890875 0.056368934375 0.6769778843750001 0.0638026484375 0.6583805828125 0.06050723125 0.6157437265625 0.01835093125 0.5819856328124999 0 0.5762578 0 0.7271055671875
7 0 0.9553738125000001 0.2174130296875 0.9686864156249999 0.2419802640625 0.942953634375 0.26295926718749996 0.8940089515625 0.2686907328125 0.8510588046875001 0.23963349374999998 0.8224328999999999 0.208978915625 0.7936190453124999 0.149204875 0.75541508125 0.0967048203125 0.732461040625 0.0408785421875 0.7191730125 0.0049342515625 0.7238808546875 0 0.728081784375 0 0.9553738125000001
7 0.2574445421875 0.9357492109375001 0.2230032640625 0.9553536078124999 0.203735090625 0.9678488890624999 0.3849072203125 0.9789423953125 0.522771515625 0.9728150937500001 0.47191237968750005 0.9439466328125 0.38509912812499997 0.924813340625 0.317290165625 0.920661271875 0.2574445421875 0.9357492109375001
7 0.458147959375 0.7279447328125 0.43631468125 0.750295078125 0.386063490625 0.7837359296875 0.3651079140625 0.8091009218749999 0.3447173796875 0.8315396125 0.3632809328125 0.8563635328125001 0.386361065625 0.880477040625 0.42368028906250005 0.906449403125 0.4840193734375 0.9417270609375 0.523346384375 0.9648614625 0.5334354125 0.9723411421874999 0.7035642921874999 0.964779859375 0.733113065625 0.9520446890625 0.7698785578125 0.9128432421875001 0.7976108875000001 0.8750626125000001 0.79341450625 0.8363138984375 0.767075959375 0.7912745390625 0.73515101875 0.7676064140625 0.69814445 0.7475750031249999 0.6528581140624999 0.7250626718750001 0.6105815781249999 0.709643415625 0.556887396875 0.7004338109375 0.500367996875 0.7058557375000001 0.458147959375 0.7279447328125
7 0.8089607203125 0.8994448234375 0.7538162546875 0.93554695625 0.71750455625 0.964160290625 0.8613131328125 0.9577687984375001 0.8777862359374999 0.8724562171875 0.8089607203125 0.8994448234375
7 0.8251511 0.8609574609375 0.8595886046875 0.8640530999999999 0.8798401953124999 0.86181896875 0.9375321874999999 0.5630378171875 0.9282640171875001 0.561311096875 0.903737371875 0.559809284375 0.8933217375 0.575949975 0.8781371375000001 0.6016683375 0.8586243046875 0.627121671875 0.8337171906249999 0.6502707703125 0.8028507546875 0.6740419375 0.7734270624999999 0.6979014421875 0.7582424609375 0.7236198046875 0.7477627874999999 0.747652321875 0.764442859375 0.78223059375 0.790031784375 0.8084716578125001 0.8103507359375 0.8393248734375 0.8251511 0.8609574609375
7 0.5349712890625 0.4661673390625 0.4920581265625 0.5069662875 0.469535496875 0.5253265515625001 0.4655801890625 0.54581069375 0.47636497968749997 0.5731192093749999 0.4909769953125 0.5957272328125 0.5024511359375 0.62702583125 0.5087193453125 0.6550447562499999 0.5547590718750001 0.6736553468750001 0.6026182375 0.6904034078125 0.6608289968750001 0.6989026015625 0.7174727062499999 0.700397065625 0.766966734375 0.6935579921875 0.8153344468749999 0.66987149375 0.8559874328125 0.6407777671875 0.879515840625 0.6096485046875 0.8953935656249999 0.5652201859375 0.900791615625 0.5448243859375 0.8880630796875 0.512462009375 0.8713830046875 0.4778837375 0.8432852890625 0.44951511875000005 0.8227101796875 0.45022920156249996 0.7668198609375 0.44483300000000003 0.68013091875 0.4326160953125 0.5969527765625 0.4324577859375 0.5604434453125 0.440091934375 0.5349712890625 0.4661673390625
7 0.5376985921874999 0.2857191453125 0.5580213140625 0.2938723203125 0.5887559015625 0.30858484375 0.61403216875 0.328884953125 0.6273897890625 0.3504291984375 0.62362283125 0.36993790625 0.6034206453125 0.39140115937500003 0.5867933015625 0.4170311796875 0.6106908640625 0.429351121875 0.63559420625 0.4289020625 0.6843348421875 0.4259647328125 0.7227879234375 0.42338444375 0.7613653140625 0.427720546875 0.7948610796875 0.4356933640625 0.82885785 0.44863169999999997 0.8559573281249999 0.4443692421875 0.8979249812500001 0.43114750625 0.9382012718749999 0.4040046515625 0.9632900781249999 0.36854216875 0.9683674640625 0.3114215796875 0.965191521875 0.3020256484375 0.9303848609375001 0.2554808 0.9036055812500001 0.220284134375 0.8553094515625 0.1906787296875 0.8048134156250001 0.18758676406250002 0.7397656312499999 0.1766949890625 0.66950814375 0.18522358125 0.6471098234375 0.2105002328125 0.6236454546875 0.233737671875 0.594911115625 0.2615872609375 0.557648390625 0.2731231515625 0.5376985921874999 0.2857191453125
7 0.977195978125 0.21210079375 0.9609386421874999 0.22576867968749997 0.9409850750000001 0.26106471249999996 0.970451290625 0.28797854218749996 0.977195978125 0.21210079375
7 0.7455311421874999 0 0.7084886234375001 0.0287085390625 0.6845797484375 0.0844887125 0.6803720531249999 0.113840115625 0.6921588515625 0.15107966875 0.6966076218749999 0.18096112343749998 0.7395170156249999 0.1628622109375 0.775773959375 0.164095321875 0.8105241218750001 0.1731319171875 0.8497268234375 0.1893499265625 0.8908732734375 0.21062179531249997 0.93747804375 0.22630608125 0.9687174046875 0.2232840828125 0.9766340859374999 0.21842208749999997 0.9955735125 0.005353534375 0.908142978125 0 0.7455311421874999 0