7 0.1965211984375 0.7947006578125 0.1790264625 0.8178379984375 0.16733155156249999 0.8533250953125 0.18535718125 0.8956583468750001 0.2512588578125 0.9394746312500001 0.288553815625 0.9370518015625 0.3389200484375 0.9229549421875 0.4035752375 0.8952617890625 0.4283760421875 0.860590896875 0.4371335140625 0.8369094203125 0.44188015937499997 0.815975296875 0.43167707968749996 0.7908632390625 0.40908370781250003 0.770973821875 0.3616751234375 0.7490394515625 0.3384353890625 0.7480916609375 0.301587678125 0.7542887671875 0.2514003453125 0.769895340625 0.1965211984375 0.7947006578125
7 0.16569565625 0.5467657734375 0.116726 0.5604500859375 0.08148838593749999 0.5802345921875001 0.05989336562499999 0.6053644328125001 0.05117050937499999 0.64153614375 0.0590623 0.68373780625 0.0669540890625 0.72593946875 0.0916250203125 0.738964946875 0.1324287296875 0.7417558640624999 0.1882918234375 0.7252539578125 0.25758399062500004 0.7000974421875 0.29584849062499996 0.6692621734374999 0.319610515625 0.6380232484375 0.3203117078125 0.60734624375 0.3166788875 0.5888874078125 0.312598815625 0.5666542921875 0.2876047078125 0.563099628125 0.261234228125 0.535731896875 0.22060941875 0.5344506890625 0.16569565625 0.5467657734375
7 0.5894385015625 0.5364404984375 0.5710838828125 0.564519521875 0.550706540625 0.587727103125 0.572942115625 0.6045970984375 0.6072996374999999 0.6139798875 0.6517563828124999 0.6110040296875 0.7040212734375 0.5885335171875 0.7533689390625 0.5536430140624999 0.7799241218749999 0.52157899375 0.7972053406249999 0.48444170625 0.795292278125 0.45609950781249997 0.7766202859375 0.43270788125 0.734887459375 0.40987817812499994 0.6950676984374999 0.4153906671875 0.6564107828125 0.4307162796875 0.6067947640625 0.4633422203125 0.5849313953124999 0.48620749375 0.5878832359375 0.511117721875 0.5894385015625 0.5364404984375
7 0.40304456406250005 0.45165219843750004 0.3608240625 0.47349944062500005 0.31795720312500003 0.514288309375 0.31874203749999996 0.5453076218749999 0.3292134640625 0.57268424375 0.33859128125 0.615228215625 0.351373996875 0.62551523125 0.3669498640625 0.6349771515625 0.4144681125 0.6334407640624999 0.47375050781250005 0.6213977484375001 0.5300262296875 0.5961798859375 0.5678434796875 0.561570340625 0.5862875453124999 0.534246175 0.588743115625 0.5061760421875 0.57832651875 0.46706404218750003 0.5371852234375 0.4370280875 0.5051187765625 0.43478130625 0.4657116421875 0.43157784218749995 0.40304456406250005 0.45165219843750004
7 0.4602319828125 0.629297503125 0.406178096875 0.63667090625 0.36005642656250003 0.6377947453125 0.34279541875 0.6507064203125 0.338317125 0.6739051093749999 0.32923646875 0.7070574 0.332635559375 0.73574190625 0.3600996453125 0.7479422875 0.39963084531250004 0.7643908421875001 0.4636396734375 0.7556393171875 0.5163518125000001 0.736943084375 0.56552058125 0.7005428671875 0.5959971453125 0.6649766406250001 0.5924191546875 0.6347824234375 0.577345365625 0.6173594 0.544081453125 0.5928092640625 0.5246188203125 0.5993397859375 0.49339204062500003 0.6163769375 0.4602319828125 0.629297503125
7 0.190761796875 0.7338996765625 0.135758584375 0.745459903125 0.086128159375 0.74136999375 0.09196260625 0.7662099828125 0.112388975 0.7922084828125 0.1444900390625 0.8069455 0.1994932546875 0.7953852718750001 0.2390100484375 0.7751179796875001 0.2843815015625 0.7554650625 0.31385390625 0.7358210390625 0.332029625 0.706232303125 0.34025040156249997 0.67802169375 0.33837195625 0.6621697296875 0.32942117656250003 0.6476256499999999 0.28458642031250003 0.6718077 0.2552034671875 0.69220658125 0.22338515625 0.7164499765625 0.190761796875 0.7338996765625
7 0.606491578125 0.8267264187500001 0.6268140890625 0.8152542140625 0.6645765078125 0.79238005 0.67874139375 0.7655386703125 0.6766840484375 0.7481769953125 0.6634194671875 0.7216254671875 0.6365469109374999 0.7022188390624999 0.5876869171875 0.6924323953125 0.5698892109375 0.7008149375 0.55019285 0.7175711265625 0.528742109375 0.73172044375 0.499771784375 0.7434033671875 0.4188597484375 0.7680859875 0.542165378125 0.7840072953125 0.606491578125 0.8267264187500001
7 0.233472984375 0.4478352515625 0.2269719640625 0.46616250312499996 0.19576539531249998 0.4589740390625 0.1718446828125 0.4644776390625 0.097324003125 0.49430376875000004 0.0703908109375 0.5475739796875 0.06977906874999999 0.579005840625 0.09996707187500001 0.5654006578125 0.1606114265625 0.5404548609375001 0.21097766093749998 0.526358 0.25484287499999997 0.5305883875 0.3028429890625 0.5453165140625 0.3198904765625 0.51840489375 0.3494177140625 0.4870254890625 0.3360983 0.472209340625 0.30720302187500004 0.4479312734375 0.2741872453125 0.449871315625 0.233472984375 0.4478352515625
7 0.45813700625 0.8189858250000001 0.49367178125000005 0.87489758125 0.5340830734375 0.8621788421875 0.5636449296875 0.8432896734374999 0.45813700625 0.8189858250000001
7 0.22791269375 0.36431836875 0.240008621875 0.4419982359375 0.27495767187500003 0.4441747796875 0.3140964578125 0.44511367812499997 0.37198227500000003 0.4334832125 0.42190125937499995 0.41561207187500004 0.46346099374999994 0.37599060781250004 0.477770159375 0.33816870312499997 0.46982353750000005 0.3077024203125 0.44776686093749996 0.29234213750000004 0.41783280156249997 0.2714960375 0.38505075624999996 0.26321041093750003 0.3275775703125 0.2661249203125 0.251481415625 0.2948538875 0.2274712515625 0.29960263125000003 0.20106035156250002 0.3206861265625 0.1896886203125 0.3467024125 0.22791269375 0.36431836875
7 0.5080013796875 0.434711065625 0.5475874125 0.439424240625 0.6000456093750001 0.45517928906250005 0.613350615625 0.43327959062500004 0.613122690625 0.3825637984375 0.59008206875 0.358900103125 0.5376238718749999 0.34314505781250004 0.495423584375 0.3407666859375 0.46954938281249997 0.36637931562500003 0.42929677499999996 0.40483337812500003 0.3774243046875 0.44281354375 0.38087822656250003 0.4597626703125 0.41385938125 0.44533239375000006 0.45296354843750003 0.4337810578125 0.5080013796875 0.434711065625
7 0.5146726984375001 0.32023621874999997 0.53871748125 0.327977709375 0.561867765625 0.3281706453125 0.5890635015625 0.3381064609375 0.6037794921875 0.3525100609375 0.6169546234375 0.378306734375 0.6283609718750001 0.364780684375 0.6423469578125001 0.33642959375000003 0.6494395078124999 0.31089609687499997 0.6336501203125 0.2874342328125 0.6211905875 0.26767640312499996 0.5902523671875 0.26275250625 0.5542645375 0.26400793437500003 0.5186893375 0.256547403125 0.47768651718750005 0.2764723890625 0.468481790625 0.2963795890625 0.49256119375 0.31661131249999996 0.5146726984375001 0.32023621874999997