7 0.6380925453125 0.45603214999999997 0.6301109625 0.47553226875 0.6169365875 0.487268490625 0.625348275 0.5097714671875 0.6325206203125 0.5235970562500001 0.6520411078125 0.519901496875 0.6940542453125 0.5281213546875 0.710533540625 0.5395248296874999 0.7129148828125 0.5224052312499999 0.7141372375 0.49197198750000004 0.7095986375 0.473191778125 0.7004467390625 0.4533044984375 0.67878031875 0.44717400312500005 0.6570335390625 0.4456797671875 0.6380925453125 0.45603214999999997
7 0.6270063984375 0.5343781921875 0.6117777765625 0.5577258578125 0.6095628125 0.5786098171875 0.6192081828125 0.5967533031250001 0.6408802671875 0.615920671875 0.666913246875 0.6240301390625 0.6873403234375 0.6214832453125 0.7020007781250001 0.6175525109375 0.7065167265625 0.5841852109375 0.711772884375 0.548202215625 0.6966936515625 0.5362036125 0.6780740875 0.528010959375 0.659620903125 0.5235826671875 0.644300596875 0.5254928390625 0.6270063984375 0.5343781921875
7 0.7213662140625 0.6361663453124999 0.7268974234375001 0.6644958375 0.747748940625 0.6909151609374999 0.7737072265625 0.7166977609375 0.8057479000000001 0.7122822906249999 0.823369190625 0.69788878125 0.8336517609375 0.6659053203124999 0.8365209140625 0.6340050500000001 0.8309093437499999 0.6103118140625 0.8051231 0.601330453125 0.772256196875 0.5999609968749999 0.7510889109375001 0.605123584375 0.7371686656249999 0.606438625 0.7213662140625 0.6361663453124999
7 0.8038033984374999 0.597289325 0.8342086015625 0.6204146359375 0.8468781765625 0.5843484546875 0.8452947468750001 0.5420685921875 0.8310360796875 0.5228180359375 0.7941297109375001 0.5139614531250001 0.7574757421875 0.51726985 0.7354075328125 0.53432065 0.7205116671875 0.5651970359375 0.722416528125 0.5889318625 0.734121809375 0.60850078125 0.7676429015624999 0.598853925 0.8038033984374999 0.597289325
7 0.6096420984375001 0.7611260953125 0.58115308125 0.787809365625 0.57276404375 0.8174538984374999 0.5946885281250001 0.8487862484375001 0.6299537640625 0.872146734375 0.6584541078124999 0.8715372203125 0.7025961890625 0.8504725000000001 0.7122992625 0.81183221875 0.6892214562500001 0.7802231015625 0.662109846875 0.7541637328124999 0.6388769875 0.744864009375 0.6096420984375001 0.7611260953125
7 0.685428728125 0.7718640765625 0.7189724703125 0.8143647265625 0.7426127828125 0.813520034375 0.7529813734374999 0.7899371937499999 0.7576636999999999 0.7603342546875 0.7540260234375 0.7296658359375 0.7401804703125 0.713307740625 0.7262545609375 0.7015859046874999 0.7035208374999999 0.7035792625 0.687707059375 0.7072332265625 0.6709063359375 0.7143747859375 0.661857446875 0.7419987546875 0.685428728125 0.7718640765625
7 0.6906757046875 0.3355022546875 0.6699272 0.35659418125000003 0.674878915625 0.3782668515625 0.718056703125 0.41283723281249995 0.744175703125 0.429347315625 0.783055965625 0.4312287125 0.8091636390625 0.4216650421875 0.8161582796875001 0.4056525171875 0.8030472734374999 0.37364185 0.786309915625 0.3370365203125 0.7631574140625 0.3231005359375 0.7421508453125 0.31899060625 0.7240304171874999 0.3220910359375 0.6906757046875 0.3355022546875
7 0.5470443890625 0.2032680375 0.5736681875 0.24410807812500002 0.5991330015624999 0.27163447500000004 0.6308465796875 0.2727271609375 0.6587617671875 0.25242394375 0.673083803125 0.2279276140625 0.6655787015625 0.20657330468750001 0.6468731171875 0.18998003593749999 0.6220794796875 0.1905479578125 0.588552728125 0.1871579390625 0.559972025 0.1924037125 0.5470443890625 0.2032680375
7 0.48701275937500005 0.43281239375 0.47417680625 0.465114215625 0.4884411359375 0.49740165000000003 0.512006753125 0.51423009375 0.53220408125 0.55166573125 0.5640093453125 0.5741959140625 0.574882734375 0.5749430296875 0.572559096875 0.5352788625 0.5704878578125 0.507779675 0.555569340625 0.486508553125 0.5497110359375 0.4636872171875 0.5388263203125 0.43686634375000005 0.52045349375 0.42780179531250007 0.5009330046875 0.431497353125 0.48701275937500005 0.43281239375
7 0.448395153125 0.656322265625 0.445939115625 0.691115 0.47214413593750004 0.7160257015625 0.5048446625 0.713630796875 0.544620184375 0.69058710625 0.5614152453125001 0.670408671875 0.5683238625 0.6459955265625 0.5749857453125 0.62245428125 0.5460666234375 0.6071344562500001 0.5066872265625 0.5939599765625 0.471926790625 0.5949294484375 0.4709511703125 0.6244907937499999 0.448395153125 0.656322265625
7 0.427814096875 0.494026015625 0.4027680625 0.48242895937499997 0.3721274484375 0.4862493 0.3512125640625 0.503576865625 0.3508911328125 0.5221218999999999 0.357489646875 0.5423275421875 0.377514934375 0.5629619406249999 0.40058141562499994 0.568497303125 0.417382140625 0.5613557453125 0.43179019687500003 0.5452600328125 0.44596284218750004 0.556109971875 0.4560043375 0.5380352875 0.46085304374999997 0.5121967078125 0.44906174062500004 0.4842271703125 0.427814096875 0.494026015625
7 0.4908893640625 0.8238771109374999 0.47014652031250004 0.858005915625 0.4507177171875 0.8831389703125 0.44339598437500005 0.904659653125 0.4448073703125 0.9301382765625 0.48007260625 0.9534987625 0.5107188828125 0.9627152999999999 0.5349330250000001 0.95549055625 0.54818775625 0.939118075 0.5638351578125 0.9316997484374999 0.5621713703125 0.8940561453125 0.5441143109375 0.853409684375 0.5106565890625 0.8193096531249999 0.4908893640625 0.8238771109374999
7 0.5095234718749999 0.29668590625 0.4914030453125 0.29978633593750004 0.46191575625 0.3038834453125 0.43812039374999995 0.32703752812500003 0.43318566562500005 0.344475490625 0.5050245140625 0.36916383750000004 0.5620308656249999 0.380981684375 0.6066720812499999 0.3712100453125 0.6105338421875001 0.34885905781250004 0.60772805625 0.337012440625 0.59026181875 0.32909655781249997 0.57230210625 0.3229244703125 0.5690028500000001 0.31282165 0.5393378546875 0.28708064218749996 0.5237708140625 0.2898627109375 0.5095234718749999 0.29668590625
7 0.5359040546875 0.725739796875 0.5452166671875001 0.7363545593749999 0.5541105015625 0.7310399859375 0.6009723453125 0.7134212640625 0.624113521875 0.70128349375 0.65277458125 0.6914014625 0.682342228125 0.68266809375 0.71694195 0.6909711390625 0.7097696046874999 0.6771455515625 0.689331203125 0.653618690625 0.63133790625 0.6452884375 0.6040022140625 0.6722484765625001 0.5359040546875 0.725739796875
7 0.35775796249999997 0.7807556890625 0.387250915625 0.78969545625 0.46616475937499996 0.7937350203125 0.46754783125 0.7540292609375 0.35775796249999997 0.7807556890625
7 0.33807783125 0.606571228125 0.2846921703125 0.5863111703125 0.3030072921875 0.6521594859375 0.33807783125 0.606571228125
7 0.4043752171875 0.38970379374999997 0.3916082953125 0.39129559999999997 0.34499318749999996 0.4080424234375 0.38247905000000004 0.42355582812500003 0.40413414531249997 0.40361256875 0.4043752171875 0.38970379374999997
7 0.22335216562500002 0.8378881515625001 0.2454317015625 0.8469111078125 0.2666680171875 0.8110385093750001 0.26624923749999996 0.7951091703125 0.23271682187499998 0.7786822734375 0.2133740390625 0.8122159468750001 0.22335216562500002 0.8378881515625001