7 0.186097525 0.3514450859375 0.190425375 0.41040462499999997 0.226779309375 0.48439306406249993 0.27698236249999997 0.54219653125 0.3332444046875 0.5768786125 0.461348746875 0.50635838125 0.508955090625 0.47283237031249997 0.5245353484375 0.40924855468750004 0.5245353484375 0.359537571875 0.5011649625000001 0.2624277453125 0.5002993921875001 0.20924855468749998 0.4881814140625 0.1734104046875 0.43884393125 0.1410404625 0.36959834062499997 0.1375722546875 0.322857565625 0.1514450859375 0.255343115625 0.17572254375000002 0.207736771875 0.20115606874999997 0.1869630953125 0.24277456718749998 0.18176967500000002 0.3283237 0.186097525 0.3514450859375
7 0.49250926406250006 0.24277456718749998 0.503761671875 0.2901734109375 0.5305943375 0.3560693640625 0.5885875203125 0.4323699421875 0.6604298203125001 0.47283237031249997 0.72621313125 0.48786127187500006 0.7729539046875 0.48092485625 0.8006521421875 0.4554913296875 0.81709796875 0.4138728328125 0.8370060765625 0.3491329484375 0.8612420328124999 0.30635838125000003 0.8776878609375001 0.2589595375 0.8517207640625 0.1572254328125 0.8067111312499999 0.0670520234375 0.7244819921875 0.005780346875 0.6292693046875 0 0.598974359375 0.006936415625 0.5643515640625 0.0231213875 0.5357877578125 0.058959537500000006 0.51587965 0.11329479843750001 0.4968371125 0.20924855468749998 0.49250926406250006 0.24277456718749998
7 0.4111457140625 0 0.2588053953125 0.004624278125 0.251015265625 0.0947976875 0.270057803125 0.1445086703125 0.2899659109375 0.16069364218749999 0.336706684375 0.145664740625 0.3808507484375 0.13988439375 0.41893582343749997 0.13988439375 0.43884393125 0.1387283234375 0.45788646875000005 0.0208092484375 0.44968633125 0 0.4111457140625 0
7 0.45788646875000005 0.1549132953125 0.4786601453125 0.1734104046875 0.49510597343749996 0.189595375 0.5046272421875 0.1919075140625 0.5150140796875 0.147976878125 0.527132059375 0.1017341046875 0.5409811765625 0.0670520234375 0.560889284375 0.030057803124999997 0.58252853125 0.01156069375 0.5686794125 0.004624278125 0.4639454578125 0.004624278125 0.43624722031249996 0.12947976875 0.45788646875000005 0.1549132953125
7 0.0017311390625 0 0.004327849999999999 0.1502890171875 0.11512079374999999 0.16300577968750002 0.19302208437499999 0.14335260156250001 0.22937601875000002 0.1213872828125 0.2475529859375 0.08786127187500001 0.2570742546875 0.0393063578125 0.2544775453125 0.008092485937500001 0.250690678125 0 0.0017311390625 0
7 0 0.5385631703125 0.0233703875 0.534104046875 0.06578331093749999 0.534104046875 0.12377649375 0.5132947984375 0.16186156875 0.48439306406249993 0.1964843640625 0.46127167656249995 0.1973499328125 0.4369942203125 0.1869630953125 0.38728323750000004 0.1783073953125 0.3213872828125 0.184366384375 0.2716763 0.193887653125 0.2335260109375 0.207736771875 0.204624278125 0.22504817031250002 0.1919075140625 0.2155269015625 0.1745664734375 0.2060056328125 0.146820809375 0.193887653125 0.145664740625 0.17224840624999999 0.1549132953125 0.14281903125 0.16416185 0.088288128125 0.1687861265625 0.045875203125 0.159537571875 0.002596709375 0.1514450859375 0 0.4419074703125 0 0.5385631703125
7 0.0017311390625 0.989595375 0.37652289843750003 0.989595375 0.3825818875 0.9734104046875001 0.374791759375 0.8982658953125 0.3496902328125 0.8080924859374999 0.3167985765625 0.7075144515625 0.29602490000000004 0.653179190625 0.2570742546875 0.62427745625 0.2094679109375 0.6254335265625001 0.160130428125 0.6196531796875 0 0.735260115625 0.0017311390625 0.989595375
7 0.004327849999999999 0.6 0.0579931828125 0.68092485625 0.0952126875 0.652023121875 0.13156662187499998 0.6312138734375 0.16186156875 0.6231213875 0.2051400625 0.62427745625 0.2475529859375 0.6173410406250001 0.2683266640625 0.5676300578125 0.2570742546875 0.5190751437500001 0.2155269015625 0.4739884390625 0.1921565140625 0.46473988437499997 0.164458278125 0.4901734109375 0.1255076328125 0.5190751437500001 0.06924559062499999 0.54219653125 0.033757225 0.559537571875 0.004327849999999999 0.6
7 0.5453090265625 0.482080925 0.5046272421875 0.5028901734375 0.45355861875 0.534104046875 0.40248999531249996 0.56416185 0.3618082109375 0.5872832375 0.327185415625 0.6300578031249999 0.3142018671875 0.7017341046875 0.332378834375 0.771098265625 0.36873277031249996 0.9294797687499999 0.39210315625000003 0.989595375 0.5453090265625 0.9884393062499999 0.6119579078124999 0.981502890625 0.642252853125 0.9294797687499999 0.656967540625 0.9248554906249999 0.6820690671875 0.912138728125 0.7357344 0.877456646875 0.7703571953125 0.8138728328125 0.7842063140625 0.7156069359375 0.7608359265625 0.6369942203125001 0.7374655406249999 0.5780346828125 0.7097673046875 0.534104046875 0.6578331109375 0.49710982656249997 0.59637765 0.47283237031249997 0.5453090265625 0.482080925
7 0.7859374531250001 0.6034682078125 0.7677604859375 0.6127167625000001 0.766894915625 0.6566473984375001 0.7772817546875 0.7156069359375 0.78334074375 0.7861271671875001 0.775550615625 0.8485549140625 0.756508078125 0.88092485625 0.7253475625 0.91907514375 0.7582392171875 0.9884393062499999 0.8724944421874999 0.9872832375 0.8673010234375 0.9722543359375001 0.862107603125 0.953757225 0.871628871875 0.9421965312499999 0.8820157109375 0.9387283234374999 0.943471171875 0.9583815031249999 0.96424485 0.9606936421875 0.9720349781250001 0.9526011562500001 0.9685726984375 0.917919075 0.9469334515625001 0.8797687859375 0.938277753125 0.8520231218750001 0.93135319375 0.8196531796875 0.9079828078125001 0.793063584375 0.8673010234375 0.7491329484375 0.832678228125 0.699421965625 0.795458721875 0.6300578031249999 0.7859374531250001 0.6034682078125
7 0.7989210015625 0.5664739890625 0.8119045500000001 0.6138728328124999 0.8352749375 0.6728323703125 0.8612420328124999 0.7271676296875 0.894999259375 0.7572254328125 0.9192352156249999 0.7745664734375 0.9737661187500001 0.7768786125 0.9997332140624999 0.771098265625 0.9980020749999999 0.24277456718749998 0.9902119453125 0.241618496875 0.9590514296875 0.2485549140625 0.9140417968750001 0.2843930640625 0.854317475 0.3433526015625 0.8153668296875001 0.4127167625 0.7971899140625001 0.4982658984375 0.7989210015625 0.5664739890625
7 0.847392915625 0.12947976875 0.8629731734374999 0.1722543359375 0.8724944421874999 0.20809248593750002 0.87855343125 0.26820809218749997 0.89326811875 0.2739884390625 0.93135319375 0.29710982656249996 0.9685726984375 0.3317919078125 0.993674225 0.3433526015625 0.9971365046875 0.057803468749999996 0.9893463765625 0.057803468749999996 0.9677071296875001 0.053179190625 0.9175040765625001 0.0554913296875 0.87855343125 0.062427745312500005 0.8465273453125001 0.0901734109375 0.847392915625 0.12947976875