7 0.7425889328124999 0.6363636359375 0.7381422921875 0.6706192359375 0.7388833984375001 0.718050065625 0.7470355734374999 0.7707509875 0.764081028125 0.7891963109375 0.794466403125 0.8036890640625 0.8396739125 0.7918313578125 0.8997035578125001 0.7364953890625 0.90785573125 0.7022397890625001 0.9085968375 0.654808959375 0.9004446640625 0.592885375 0.874505928125 0.5665349140625 0.854496046875 0.5559947296875001 0.8359683796875 0.5494071140625 0.8092885375 0.5559947296875001 0.7840909093749999 0.574440053125 0.75 0.6152832671875 0.7425889328124999 0.6363636359375
7 0.5069169953125 0.7206851125 0.5032114625 0.7720685109375001 0.50247035625 0.81818181875 0.5113636359375 0.8524374171875 0.529150196875 0.874835309375 0.5610177859375 0.8866930171874999 0.6032608703125 0.8840579703125 0.645503953125 0.8814229250000001 0.6647727265625 0.86034255625 0.6788537546875 0.8234519109375 0.6788537546875 0.7707509875 0.6744071140625 0.7048748359375 0.655879446875 0.6666666671875 0.6329051390625 0.641633728125 0.6040019765625 0.637681159375 0.5854743078125 0.6389986828125 0.56324110625 0.64031620625 0.5528656125 0.662714096875 0.5195158109375 0.683794465625 0.5069169953125 0.7206851125
7 0.56324110625 0.383399209375 0.587697628125 0.383399209375 0.6121541500000001 0.38471673281249996 0.6336462453125 0.404479578125 0.6499505921875001 0.425559946875 0.67218379375 0.407114625 0.6907114625 0.37681159375 0.7003458499999999 0.33596837968750004 0.6936758890625 0.285902503125 0.6744071140625 0.23715415 0.65143280625 0.209486165625 0.62104743125 0.1897233203125 0.5936264828125 0.188405796875 0.566205534375 0.20289855 0.53285573125 0.2384716734375 0.526926878125 0.27536231875 0.5306324109375 0.31225296406249997 0.547677865625 0.3610013171875 0.56324110625 0.383399209375
7 0.49209486093750004 0.4505928859375 0.478013834375 0.4861660078125 0.479496046875 0.5454545453125 0.48838932812499997 0.5862977609375 0.5150691703125 0.6297760203125 0.5447134390625 0.6324110671875001 0.5736166015624999 0.6258234515625001 0.616600790625 0.6218708828125 0.6299407109375 0.6113306984375 0.6432806328125 0.5981554671875 0.655138340625 0.5546772062499999 0.6603260875 0.4993412390625 0.6521739125 0.44532279375000006 0.6299407109375 0.407114625 0.6091897234375 0.387351778125 0.5832509875 0.38208168593749997 0.543231225 0.387351778125 0.5032114625 0.42160737812500004 0.49209486093750004 0.4505928859375
7 0.6536561265625 0.4505928859375 0.66106719375 0.480895915625 0.6640316203125 0.51251646875 0.655879446875 0.5625823453125001 0.6440217390625 0.6047430828125 0.65143280625 0.6218708828125 0.67218379375 0.6284584984375 0.70108695625 0.64031620625 0.7292490125 0.64031620625 0.7485177859375 0.616600790625 0.775197628125 0.582345190625 0.7848320156249999 0.523056653125 0.7818675890625 0.4729907765625 0.7611166015624999 0.424242425 0.735918971875 0.3926218703125 0.706274703125 0.3926218703125 0.685523715625 0.404479578125 0.6529150203125 0.43214756249999997 0.6536561265625 0.4505928859375
7 0.655138340625 0.6772068515624999 0.666254940625 0.7061923578125 0.68033596875 0.7378129125 0.6877470359375 0.7694334656249999 0.6833003953125 0.8208168640625001 0.665513834375 0.8656126484375 0.6907114625 0.8629776015624999 0.7210968375 0.847167325 0.744071146875 0.819499340625 0.7485177859375 0.7681159421875 0.7403656125 0.7299077734375 0.7344367593750001 0.6864295125 0.7240612640624999 0.6574440046875 0.70108695625 0.637681159375 0.676630434375 0.627140975 0.66106719375 0.627140975 0.6447628453124999 0.633728590625 0.655138340625 0.6772068515624999
7 0.7625988140625 0.42028985468749996 0.7729743078125 0.44005270156250004 0.780385375 0.46113307031249995 0.783349803125 0.4888010546875 0.7840909093749999 0.565217390625 0.8337450593750001 0.45454545468749996 0.8922924906249999 0.400527009375 0.8871047437499999 0.3807641640625 0.8759881421875001 0.3438735171875 0.854496046875 0.32806324062500003 0.8374505921875001 0.32806324062500003 0.8085474312500001 0.337285903125 0.7826086953125 0.35968379375000004 0.7596343875 0.4031620546875 0.7625988140625 0.42028985468749996
7 0.48023715468750006 0.6086956515625 0.44911067187500003 0.6324110671875001 0.4416996046875 0.662714096875 0.428359684375 0.6996047437499999 0.443922925 0.70750988125 0.428359684375 0.735177865625 0.42687747031249995 0.7575757578125 0.43428853749999996 0.828722003125 0.47727272656249997 0.8590250328125 0.5069169953125 0.8629776015624999 0.50247035625 0.8339920953125001 0.4958003953125 0.7760210796875 0.4965415015625 0.72859025 0.5128458499999999 0.689064559375 0.5402667984375 0.6469038203124999 0.5195158109375 0.6284584984375 0.49802371562500003 0.5981554671875 0.48023715468750006 0.6086956515625
7 0.843379446875 0.5349143609375 0.9063735171875 0.5085639 0.9056324109375 0.47035573125 0.8959980234374999 0.4413702234375 0.843379446875 0.5349143609375
7 0.28606719375 0.689064559375 0.29866600781249997 0.7154150203125 0.320158103125 0.72859025 0.3475790515625 0.6956521734375001 0.42465415 0.6930171281249999 0.4365118578125 0.661396575 0.448369565625 0.6258234515625001 0.4535573125 0.57180500625 0.4505928859375 0.5243741765625 0.42465415 0.4822134390625 0.3927865609375 0.4650856390625 0.36166007968749997 0.46903820781250005 0.34090909062499997 0.48748353125 0.31274703593750003 0.51251646875 0.29570158125 0.5415019765625 0.282361659375 0.5942028984375 0.2882905140625 0.6666666671875 0.28606719375 0.689064559375
7 0.4172430828125 0.47562582343750004 0.44244071093750004 0.5164690375000001 0.46393280625 0.5678524375 0.48097826093749996 0.5665349140625 0.47653162031249996 0.5349143609375 0.47653162031249996 0.49802371562500003 0.49283596875 0.4479578390625 0.508399209375 0.4123847171875 0.538043478125 0.366271409375 0.5209980234375 0.35177865625 0.4728260875 0.34650856406249997 0.443922925 0.3649538859375 0.41427865625000004 0.41106719375 0.40019762812500004 0.4492753625 0.4172430828125 0.47562582343750004
7 0.33423912968749997 0.4584980234375 0.350543478125 0.46903820781250005 0.37648221406250004 0.4492753625 0.3861166015625 0.4295125171875 0.40019762812500004 0.40843214687499996 0.40686758906250003 0.387351778125 0.42391304375 0.3636363640625 0.4416996046875 0.35177865625 0.46986165937499996 0.34255599531250003 0.46022727343750003 0.3306982875 0.4372529640625 0.31488801093749996 0.41501976249999994 0.3056653484375 0.38833992031250003 0.31752305625 0.36610671875 0.32674571874999997 0.3527667984375 0.3544137015625 0.3438735171875 0.387351778125 0.3268280625 0.41897233125 0.33423912968749997 0.4584980234375