7 0.37023121406250004 0.6728323703125 0.36676300624999997 0.69364161875 0.3676300578125 0.7156069359375 0.384104046875 0.72947976875 0.40057803437499995 0.7387283234375001 0.4291907515625 0.745664740625 0.445664740625 0.747976878125 0.4387283234375 0.72947976875 0.440462428125 0.687861271875 0.4482658953125 0.67052023125 0.4369942203125 0.66011560625 0.41791907500000003 0.6462427749999999 0.40404624218749996 0.6554913296875 0.384104046875 0.65780346875 0.37023121406250004 0.6728323703125
7 0.44739884375 0.682080925 0.44219653125 0.6959537578125 0.44219653125 0.7144508671875001 0.445664740625 0.734104046875 0.45346820781249997 0.7514450859374999 0.48815028906249996 0.7560693640625 0.5202312140625 0.7606936421875 0.5271676296875001 0.747976878125 0.534104046875 0.72947976875 0.5323699421875 0.7028901734375 0.5193641625 0.677456646875 0.504624278125 0.663583815625 0.48468208125 0.66011560625 0.459537571875 0.6682080921875 0.44739884375 0.682080925
7 0.49768786093750006 0.8034682078125 0.48815028906249996 0.8219653171875001 0.482080925 0.8531791906249999 0.48468208125 0.8797687859375 0.5054913296875 0.8913294796875 0.53583815 0.8971098265625 0.567919075 0.8959537578125 0.585260115625 0.88323699375 0.5965317921875 0.8543352593750001 0.5783237 0.8231213875 0.558381503125 0.7965317921875 0.53323699375 0.783815028125 0.502023121875 0.7907514453125 0.49768786093750006 0.8034682078125
7 0.48901734062499996 0.7722543359375 0.46734104062500004 0.76416185 0.43526011562500005 0.769942196875 0.4144508671875 0.7861271671875001 0.40317919062499996 0.8196531796875 0.40317919062499996 0.8566473984374999 0.41791907500000003 0.875144509375 0.456936415625 0.8878612718750001 0.49335260156249994 0.8855491328125 0.4786127171875 0.8508670515625001 0.48815028906249996 0.8173410406249999 0.504624278125 0.78843930625 0.48901734062499996 0.7722543359375
7 0.69884393125 0.8219653171875001 0.7369942203125001 0.8231213875 0.7664739890625001 0.7872832375 0.7734104046875 0.7606936421875 0.7595375718749999 0.7213872828125 0.735260115625 0.6924855484375 0.705780346875 0.6924855484375 0.6745664734375 0.712138728125 0.6528901734375 0.735260115625 0.65635838125 0.7595375718749999 0.6745664734375 0.7919075140625 0.69884393125 0.8219653171875001
7 0.606936415625 0.771098265625 0.6 0.7849710984375 0.5930635843750001 0.805780346875 0.6008670515625 0.8219653171875001 0.6130057796874999 0.8393063578125 0.6407514453125 0.8508670515625001 0.6693641625 0.8543352593750001 0.69364161875 0.8508670515625001 0.6997109828125 0.828901734375 0.6676300578125 0.7861271671875001 0.6450867046875 0.7560693640625 0.6173410406250001 0.7572254328125 0.606936415625 0.771098265625
7 0.23323699375 0.71907514375 0.23236994218749998 0.7398843937499999 0.2401734109375 0.76531791875 0.27052023125 0.7907514453125 0.29739884375000003 0.8115606937500001 0.3138728328125 0.8092485546875 0.3286127171875 0.7872832375 0.3355491328125 0.7502890171875001 0.3260115609375 0.7213872828125 0.3034682078125 0.6716763 0.2843930640625 0.6612716765625 0.26011560624999996 0.675144509375 0.2401734109375 0.7028901734375 0.23323699375 0.71907514375
7 0.1343930640625 0.595375721875 0.145664740625 0.6173410406250001 0.1638728328125 0.6300578031249999 0.18988439375 0.6231213875 0.21502890156249999 0.6023121390624999 0.221098265625 0.5722543359375 0.20115606874999997 0.5410404625 0.16907514375 0.5052023125 0.1560693640625 0.5144508671875 0.1447976875 0.53988439375 0.140462428125 0.5722543359375 0.1343930640625 0.595375721875
7 0.3919075140625 0.522543353125 0.384104046875 0.53988439375 0.38843930625 0.559537571875 0.410982659375 0.5768786125 0.43092485625 0.58843930625 0.44739884375 0.6080924859375 0.472543353125 0.6173410406250001 0.5089595375 0.6300578031249999 0.5106936421875 0.6196531796875 0.49682080937500006 0.583815028125 0.46647398906250004 0.5549132953125 0.4560693640625 0.5283237 0.4291907515625 0.50635838125 0.396242775 0.5098265890625 0.3919075140625 0.522543353125
7 0.5419075140625 0.571098265625 0.5453757218749999 0.61156069375 0.553179190625 0.6427745671875 0.5765895953125 0.6427745671875 0.6008670515625 0.6427745671875 0.6234104046875 0.6323699421875 0.653757225 0.60115606875 0.6632947984374999 0.571098265625 0.6459537578125001 0.53988439375 0.6130057796874999 0.5329479765625 0.5783237 0.545664740625 0.550578034375 0.5387283234375 0.5419075140625 0.571098265625
7 0.45260115624999997 0.48786127187500006 0.4760115609375 0.50635838125 0.5011560687500001 0.5086705203124999 0.5202312140625 0.5040462421874999 0.5132947984375 0.48786127187500006 0.531502890625 0.4786127171875 0.5419075140625 0.46473988437499997 0.5419075140625 0.441618496875 0.5271676296875001 0.41734104062500005 0.5098265890625 0.40578034687500003 0.4924855484375 0.40115606875000004 0.47167630000000005 0.41618497187500003 0.46127167656249995 0.44393063593750004 0.46647398906250004 0.47052023125 0.45260115624999997 0.48786127187500006
7 0.775144509375 0.675144509375 0.8089595375 0.7028901734375 0.8436416187500001 0.7144508671875001 0.8540462421875 0.7017341046875 0.8722543359375001 0.69364161875 0.8843930640625001 0.6728323703125 0.882658959375 0.6416184968749999 0.8687861265624999 0.6023121390624999 0.8453757218750001 0.5942196531249999 0.823699421875 0.595375721875 0.7959537578125 0.606936415625 0.7595375718749999 0.6173410406250001 0.7508670515625 0.63468208125 0.775144509375 0.675144509375
7 0.2644508671875 0.4947976875 0.2549132953125 0.50635838125 0.24884393125 0.5202312140625 0.266184971875 0.5549132953125 0.274855490625 0.5606936421875 0.2765895953125 0.5791907515625 0.280057803125 0.5976878609375 0.290462428125 0.6034682078125 0.312138728125 0.605780346875 0.3312138734375 0.5664739890625 0.33294797656249997 0.5098265890625 0.3260115609375 0.43583815000000004 0.30867052031250003 0.43583815000000004 0.2817919078125 0.45202312187500004 0.2713872828125 0.4786127171875 0.2644508671875 0.4947976875
7 0.5566473984375 0.7583815031250001 0.5739884390625 0.783815028125 0.585260115625 0.794219653125 0.585260115625 0.7595375718749999 0.6 0.734104046875 0.6156069359375 0.7098265890625 0.632080925 0.6913294796875 0.6589595375 0.652023121875 0.6658959531249999 0.6450867046875 0.6580924859375 0.6335260109374999 0.5930635843750001 0.68323699375 0.5618497109375 0.7017341046875 0.5566473984375 0.7583815031250001
7 0.7508670515625 0.510982659375 0.7491329484375 0.48092485625 0.6997109828125 0.5768786125 0.7369942203125001 0.5861271671875 0.7508670515625 0.510982659375
7 0.5913294796875 0.41618497187500003 0.6416184968749999 0.395375721875 0.5843930640624999 0.3606936421875 0.5913294796875 0.41618497187500003
7 0.3745664734375 0.4208092484375 0.3875722546875 0.42427745625 0.410982659375 0.40924855468750004 0.40491329531250003 0.36994219687499996 0.37890173437499997 0.40924855468750004 0.3745664734375 0.4208092484375
7 0.7829479765625 0.39884393125 0.7976878609375 0.4034682078125 0.8358381500000001 0.393063584375 0.8323699421875 0.36994219687499996 0.8106936421875 0.353757225 0.775144509375 0.36300577968750003 0.7829479765625 0.39884393125