7 0.328176025 0.6164069249999999 0.3357946921875 0.5938456765625 0.3497231 0.57923340625 0.3388453328125 0.55537410625 0.329925009375 0.540962715625 0.3083812390625 0.54746220625 0.2609433859375 0.5435556953125 0.2417951328125 0.5329735375 0.24026981093750002 0.5522093203125 0.240918984375 0.58603265625 0.247227403125 0.6062512484375 0.2587583109375 0.627125046875 0.28334743281249997 0.6312324390625 0.3077195015625 0.6302001890625 0.328176025 0.6164069249999999
7 0.3353665375 0.5283531421875 0.3508196046875 0.5006398921875 0.3519101578125 0.4772596375 0.339943821875 0.4583761734375 0.3144858265625 0.43984503437500005 0.2848919265625 0.43408726875000003 0.26226025000000003 0.4394277890625 0.246156684375 0.4455873171875 0.24332375625 0.4830637203125 0.23983769062500002 0.523525625 0.25746260468750004 0.5349391515625 0.27878733906250003 0.5417044421874999 0.2996773078125 0.5443252625 0.31665106718749997 0.540319871875 0.3353665375 0.5283531421875
7 0.2233099359375 0.427383778125 0.21526178906250001 0.3967221078125 0.19023988593750002 0.370065825 0.159560059375 0.344744675 0.1240892046875 0.35358681875000003 0.10537307343749999 0.37168835625 0.09601203124999999 0.408345753125 0.09492015468750001 0.4439956234375 0.10275124843750001 0.46951765625 0.1321274328125 0.4762705859375 0.16890325 0.4737270484375 0.192188071875 0.4654010234375 0.20763849531249998 0.4622270015625 0.2233099359375 0.427383778125
7 0.1338678234375 0.4805788609375 0.09840027343749999 0.45874697500000006 0.0866450390625 0.5002164062500001 0.091209759375 0.5468007593750001 0.10839859062499999 0.566339425 0.150178521875 0.571581065625 0.1908718703125 0.5633941250000001 0.2143757265625 0.541803321875 0.22895926093750002 0.5058011296875 0.2252627515625 0.47977533437500003 0.2109028828125 0.45956910312500004 0.17412574375 0.4743822546875 0.1338678234375 0.4805788609375
7 0.3397459421875 0.2753271515625 0.3697792359375 0.24228574374999998 0.3771815125 0.208450046875 0.35063693281249997 0.17649032656250002 0.3097291765625 0.15499840468749998 0.2779581375 0.159192315625 0.23008155000000002 0.1879501703125 0.2218077546875 0.23190134375000002 0.24965796093749998 0.264024865625 0.28164340781249997 0.28950981875 0.30819063281250003 0.296930315625 0.3397459421875 0.2753271515625
7 0.2544443625 0.2728052125 0.214191734375 0.22992336875000002 0.1878609 0.2337773171875 0.1778480375 0.261150603125 0.17458034375 0.294482534375 0.1806697234375 0.3279659078125 0.197206071875 0.344355271875 0.2135253671875 0.355604996875 0.2387682921875 0.3505920796875 0.2561774796875 0.3445963546875 0.274457521875 0.334619959375 0.28272999374999996 0.30293840156249996 0.2544443625 0.2728052125
7 0.2774585765625 0.7562588609375 0.2992220421875 0.7303597859375001 0.2922611453125 0.7069918890625 0.24177992499999998 0.67407408125 0.21153420625 0.6590322078125 0.16801255937499998 0.6617519078125 0.139504584375 0.6755575296874999 0.132756775 0.6941381109375 0.149508853125 0.7279367265625 0.170612565625 0.7663712171875 0.19737684375 0.7789313515625 0.2210957703125 0.7808846078125 0.24111620312499998 0.775216484375 0.2774585765625 0.7562588609375
7 0.44652517343750003 0.8848302328125 0.41410628281250006 0.8429311953124999 0.3838618875 0.8156197093750001 0.3483916921875 0.8183270515625001 0.3185767734375 0.8442384859375001 0.3042116140625 0.8731107046875 0.314001471875 0.8958110359375 0.3359780265625 0.9118604359375 0.3636144828125 0.9081702890625 0.40126049531249997 0.9077808859375001 0.4328144796875 0.8984473375 0.44652517343750003 0.8848302328125
7 0.4983437546875 0.623441140625 0.51053375625 0.5861161796875 0.49247605468750005 0.5521537624999999 0.465059296875 0.5364443234375 0.4400387140625 0.49751843124999995 0.4030478265625 0.47651791093750007 0.3908617921875 0.477034034375 0.3960796578125 0.520632884375 0.4002109328125 0.5508031515625 0.41826995624999996 0.5724959546874999 0.42631876249999995 0.5970228203125 0.44024254375 0.6253541953124999 0.4613495625 0.6331146546875 0.4828933328125 0.6266151671875 0.4983437546875 0.623441140625
7 0.5266598 0.371373240625 0.5270991953124999 0.33257406562499997 0.4962016578125 0.3082480828125 0.45986060625 0.31493609375 0.416988796875 0.34534432187499997 0.3995776265625 0.369744465625 0.39348163281250004 0.39760915625000004 0.3876033546875 0.4244786796875 0.42089574843750005 0.4378578203125 0.4657216953125 0.447571534375 0.5044562765625 0.44220629375 0.5035893875 0.4093781265625 0.5266598 0.371373240625
7 0.5603697703125 0.548401815625 0.5890928125 0.55814025 0.6230403328125 0.5501294703124999 0.6452385656249999 0.528374865625 0.6443703546874999 0.5078163109375 0.63566840625 0.48627494843749997 0.6119514625 0.4659172734375 0.585839003125 0.4626412484375 0.5675589609375 0.47261764375000004 0.5525419828125 0.4922057515625 0.536004971875 0.48195119374999995 0.5259927734375001 0.5031896734375 0.5222903125 0.532377134375 0.5373020015625001 0.561867478125 0.5603697703125 0.548401815625
7 0.4681429953125 0.1912324390625 0.489037590625 0.150909615625 0.50906066875 0.12070226718749999 0.5158091421875 0.0959868796875 0.512548059375 0.06797075 0.47164030312499994 0.0464788265625 0.43682391249999997 0.0400658578125 0.4102747046875 0.0510497796875 0.39656335 0.070801690625 0.379588928125 0.0809418859375 0.3839365984375 0.1223865984375 0.4067807015625 0.16512936250000002 0.4463815125 0.19872709375 0.4681429953125 0.1912324390625
7 0.4822243234375 0.77683601875 0.50224475625 0.771167896875 0.5348866515624999 0.762993315625 0.5599145062499999 0.7344363390625 0.5642687875 0.7145329890625 0.48245063125 0.69608836875 0.41803968124999996 0.6900524453125 0.3688587921875 0.7063768859375 0.3660271890625 0.7315836765625 0.369942734375 0.74434469375 0.3899618453125 0.7509461843749999 0.41041638437500005 0.7555573375 0.41476735781249996 0.7663280203125 0.4495817671875 0.7911454078125 0.4667732375 0.7861448484375 0.4822243234375 0.77683601875
7 0.42439173593749996 0.3053738203125 0.41329493125 0.29477929999999997 0.40371948281250003 0.3017578328125 0.3525791671875 0.3270387828125 0.32755263437500004 0.3433261453125 0.2962157015625 0.357799334375 0.2637908578125 0.3711135546875 0.22462217031249998 0.3661995171875 0.23354249375 0.38061090625 0.25791191874999997 0.404117884375 0.3231937265625 0.40617313906249997 0.351921396875 0.37296792968750003 0.42439173593749996 0.3053738203125
7 0.6195939328125 0.2225029984375 0.5860831656250001 0.2162538296875 0.49773425 0.22152942812499998 0.49881753125 0.265632040625 0.6195939328125 0.2225029984375
7 0.653084865625 0.4127963546875 0.714013053125 0.4286201546875 0.6892134921874999 0.35802506093750003 0.653084865625 0.4127963546875
7 0.5934338703125001 0.6609330265625 0.60757866875 0.6575952 0.6585012671875 0.63330941875 0.6156340890625 0.620774003125 0.5927827109375 0.645514109375 0.5934338703125001 0.6609330265625
7 0.765834278125 0.14269183593749998 0.7405926765624999 0.1354351421875 0.719262653125 0.1777483 0.7207840062499999 0.195321353125 0.7592988921875 0.2093557 0.7786701484375 0.16986424218750001 0.765834278125 0.14269183593749998