7 0.2398084390625 0 0.23476111562500002 0.005279959375 0.2209904828125 0.036668315624999996 0.207364675 0.07299145781250001 0.2107387796875 0.11644533125 0.2234062890625 0.14759120781249999 0.27893255625 0.165886190625 0.31052583125 0.198268809375 0.37751170625 0.1922482234375 0.4476744703125 0.16574888593749998 0.500932840625 0.12107044687499999 0.5350250984375 0.081268853125 0.5329051140625001 0.0662449 0.5306372203125 0.0032714765625000003 0.5238239765625 0 0.2398084390625 0
7 0.20526320937500003 0.3160556046875 0.23160274531249997 0.2838468140625 0.2590484921875 0.232118471875 0.30561413125 0.2025448109375 0.26352263125 0.170023428125 0.1899364609375 0.1370857375 0.1195302640625 0.126683975 0.055769623437500006 0.1317420921875 0.00055086875 0.30073654843750003 0.032090287499999995 0.30824174531250004 0.1241184453125 0.31162866093749997 0.20526320937500003 0.3160556046875
7 0 0.5384833062500001 0.01452959375 0.539459971875 0.0423635984375 0.5295675140625 0.0940350671875 0.5166357953125 0.13005626718750002 0.51395489375 0.1591906078125 0.5054608296875001 0.1849046265625 0.4805444203125 0.2005548984375 0.4702936015625 0.212399703125 0.4447992375 0.2108066015625 0.39051658749999996 0.1711709515625 0.35585719843749997 0.10976851406250002 0.3232778703125 0.07591351406249999 0.3139512 0.0007404421875 0.3127602265625 0 0.31468596249999997 0 0.5384833062500001
7 0 0.6512121093750001 0.013817815624999999 0.686844775 0.038524232812499996 0.7134142265625 0.1152379875 0.7098900078125 0.16787393125 0.7155186359375 0.24256630937499998 0.728936775 0.2828243921875 0.7132890953125 0.3060825578125 0.6905106875 0.31325598125 0.663178740625 0.32201630625 0.6041000734375 0.29788610000000004 0.55425508125 0.2517487625 0.5126037328125 0.20946621875 0.5021790890625 0.14691135625 0.5161508375 0.0680313984375 0.5316826296875 0.0214164546875 0.5452731359375 0 0.5688538515625 0 0.6512121093750001
7 0 0.909846940625 0.221610371875 0.938719165625 0.252500665625 0.9244098140625001 0.29670597656250003 0.8859257875000001 0.316688646875 0.8516598203125 0.32482345625 0.799873534375 0.3044987421875 0.765272090625 0.277721646875 0.739661840625 0.25552038125 0.7269375421875 0.159446384375 0.7144206640624999 0.058124820312500006 0.7233417421875 0.0091988515625 0.7440050328125001 0 0.7491231671875 0 0.909846940625
7 0.5717150265625001 0.6735011375 0.5427717296875 0.6598984609375 0.49995918906250003 0.6457178296875 0.40451379843749996 0.6689232515625 0.35404714375 0.6943017328125001 0.33666514531249997 0.7313644874999999 0.327759996875 0.7855083656249999 0.3345051203125 0.8294014265625 0.34216540625 0.875871678125 0.395861340625 0.8890122796875 0.45379415312500004 0.8891861078125001 0.535274784375 0.8764510984375 0.5832855875 0.853210615625 0.6350987953125 0.8021990000000001 0.6321098625 0.7575663296874999 0.6033083046875001 0.70588375625 0.5717150265625001 0.6735011375
7 0.8073010765624999 0.7054231468750001 0.8353261203125 0.67343395 0.8730297421875 0.627957959375 0.876976971875 0.605121609375 0.8625284328125 0.5848045078124999 0.8528960718749999 0.5712597734375 0.7458400734375 0.5278166109375 0.676589390625 0.51387845625 0.5925573890625 0.5397998375 0.540694875 0.5748282984374999 0.5108888015625 0.617646271875 0.513298434375 0.642539796875 0.5564961453125 0.6555416328125 0.57884223125 0.67320071875 0.5960362734375 0.7012493906249999 0.6199723484375 0.730176440625 0.6358660515625 0.7568267203125 0.6725620734375 0.76283659375 0.7481665328125 0.735817240625 0.8073010765624999 0.7054231468750001
7 0.6369044374999999 0.4632359109375 0.6237593203125 0.4873318875 0.6172114140625 0.5073714515625001 0.6563632875 0.5112433249999999 0.690698978125 0.50834283125 0.7539779671875 0.5190450109375 0.8037728859375 0.5279904375 0.8519285140624999 0.5096847421875 0.8944976203125 0.48696427656249996 0.903646203125 0.469721496875 0.9451522296875 0.396474371875 0.9059479671874999 0.333604659375 0.857259259375 0.3051396796875 0.8103053593749999 0.29287745468750004 0.769227634375 0.2948995734375 0.7115844703125 0.30459531875 0.661308859375 0.307877059375 0.6193652703125 0.3233051453125 0.5986122546875 0.35992870625 0.58147060625 0.39087787500000004 0.590862621875 0.4105361921875 0.6077670109375 0.42871529218750004 0.6284275906250001 0.4461547828125 0.6369044374999999 0.4632359109375
7 0.6244341437500001 0.4960226625 0.624720684375 0.46287754843749995 0.493679328125 0.37452418125000003 0.462184659375 0.374107878125 0.388891225 0.39405444375 0.3438662671875 0.4189129109375 0.31377054375 0.4518613125 0.30443091875 0.491200834375 0.31998875625 0.53501306875 0.38023568281250003 0.5711287890625 0.440384 0.5752781984374999 0.514352253125 0.56402240625 0.5446421078125 0.5519919484375 0.5719461140625001 0.5383435046875 0.593663596875 0.5202802859375 0.6244341437500001 0.4960226625
7 0.6113228953125 0.321028375 0.6688212375 0.30639784375 0.7245385453125001 0.3025960859375 0.770527971875 0.2962979640625 0.8082808968749999 0.26680513281249996 0.825182203125 0.24196954843750001 0.7644021921874999 0.1590831546875 0.7308830625 0.132594528125 0.685374328125 0.1266654796875 0.5906499734375 0.13153014999999998 0.53498196875 0.1513150640625 0.4857201296875 0.1891403078125 0.4702639890625 0.22030907187499998 0.5057089765625 0.24090370781249998 0.5199171703125 0.26733439375 0.5428887765625 0.277701096875 0.5444325453125 0.3160005875 0.5461673578124999 0.3322033390625 0.5898950625 0.3489611640625 0.6113228953125 0.321028375
7 0.41166870156249996 0.38350320312499997 0.45154161249999997 0.36903432187499996 0.4775945828125 0.36997064218750003 0.5074037437500001 0.370167353125 0.5364887796875 0.34569013125 0.538602590625 0.27468471875 0.46915777968750005 0.239828621875 0.387723365625 0.225532103125 0.29983656718749996 0.22022678125 0.2612639953125 0.23609405312499998 0.2316982671875 0.27279844375 0.213690753125 0.317153578125 0.2148031359375 0.38366339374999997 0.25068259843749996 0.419062390625 0.2976364953125 0.431324615625 0.32277430156250003 0.4296837453125 0.3694847671875 0.40504487187500005 0.41166870156249996 0.38350320312499997